CCCCCCCCCC 1 11 55 165 495 330 1320 1980 462 2310 4620 4620 13860 462 2772 6930 9240 27720 6930 27720 41580 330 2310 6930 11550 34650 11550 46200 69300 6930 34650 69300 69300 207900 165 1320 4620 9240 27720 11550 46200 69300 9240 46200 92400 92400 277200 4620 27720 69300 92400 277200 69300 277200 415800 55 495 1980 4620 13860 6930 27720 41580 6930 34650 69300 69300 207900 4620 27720 69300 92400 277200 69300 277200 415800 1980 13860 41580 69300 207900 69300 277200 415800 41580 207900 415800 415800 1247400
CCCCCCCCIC 1 12 64 201 604 414 1664 2500 588 2968 5964 5964 17920 588 3584 9044 12096 36344 9044 36344 54600 414 2968 9044 15190 45640 15190 61040 91700 9044 45640 91700 91700 275520 201 1664 5964 12096 36344 15190 61040 91700 12096 61040 122640 122640 368480 5964 36344 91700 122640 368480 91700 368480 553560 64 604 2500 5964 17920 9044 36344 54600 9044 45640 91700 91700 275520 5964 36344 91700 122640 368480 91700 368480 553560 2500 17920 54600 91700 275520 91700 368480 553560 54600 275520 553560 553560 1663200
CCCCCCCICC 1 13 72 229 690 470 1903 2865 658 3367 6804 6797 20475 644 4011 10227 13699 41265 10185 41223 62055 442 3269 10122 17080 51450 17010 68845 103635 10017 51240 103530 103425 311535 209 1805 6615 13524 40740 16940 68565 103215 13349 68285 137970 137830 415170 6475 40320 102795 137690 414750 102375 414330 623700 65 648 2760 6657 20055 10080 40803 61425 9975 51030 103110 103005 310275 6468 40278 102690 137550 414330 102270 413910 623070 2655 19635 60795 102585 309015 102165 413490 622440 60165 307755 621810 621180 1871100
CCCCCCICCC 1 14 79 250 756 505 2064 3114 693 3606 7326 7300 22068 665 4248 10929 14620 44196 10785 44064 66474 449 3438 10779 18180 54960 17960 73380 110700 10449 54360 110430 110040 332640 210 1896 7056 14420 43596 17900 73140 110340 13920 72420 147120 146600 443160 6656 42516 109380 146320 442320 107940 441000 665280 65 684 2964 7140 21588 10695 43704 65934 10425 54240 110190 109800 331920 6654 42504 109350 146280 442200 107910 440880 665100 2694 20628 64674 109080 329760 107760 440280 664200 62694 326160 662580 660240 1995840
CCCCCCICIC 1 16 96 314 952 645 2654 4012 889 4684 9567 9528 28864 847 5522 14351 19244 58292 14135 58094 87792 561 4432 14126 23980 72640 23650 97190 146870 13631 71740 146465 145880 441840 254 2402 9162 18944 57392 23560 96830 146330 18194 95750 195480 194700 589700 8562 55772 144890 194280 588440 142730 586460 886200 75 844 3787 9288 28144 14000 57554 86982 13595 71560 146105 145520 440760 8559 55754 144845 194220 588260 142685 586280 885930 3382 26704 85092 144440 437520 142460 585380 884580 82122 432120 882150 878640 2661120
CCCCCICCCC 1 15 85 265 805 525 2170 3280 708 3755 7660 7600 23080 671 4405 11400 15180 46100 11095 45850 69300 450 3570 11270 18900 57400 18475 76350 115400 10630 56375 115000 114100 346500 210 1980 7420 15050 45710 18450 76250 115250 14170 75150 153300 152100 461900 6710 44050 114000 151800 461000 110950 458500 693000 65 720 3140 7490 22750 11055 45690 69060 10625 56350 114950 114050 346350 6710 44050 114000 151800 461000 110950 458500 693000 2700 21420 67620 113400 344400 110850 458100 692400 63780 338250 690000 684600 2079000
CCCCCICCIC 1 17 102 329 1002 665 2767 4190 904 4854 9952 9868 30030 853 5714 14932 19929 60642 14505 60292 91280 562 4599 14752 24900 75770 24305 101015 152930 13857 74335 152370 151110 459760 254 2507 9622 19749 60102 24270 100875 152720 18519 99335 203610 201930 614370 8632 57782 150970 201510 613110 146700 609610 922880 75 887 4000 9718 29580 14450 60072 90950 13850 74300 152300 151040 459550 8632 57782 150970 201510 613110 146700 609610 922880 3390 27730 88940 150130 456820 146560 609050 922040 83570 448210 918680 911120 2772000
CCCCCICICC 1 19 117 378 1155 756 3173 4815 1009 5507 11354 11239 34305 930 6398 16887 22543 68805 16296 68313 103635 597 5084 16552 28000 85470 27165 113875 172755 15297 83415 171930 170205 519435 263 2745 10745 22138 67590 27050 113415 172065 20383 111155 229110 226810 692190 9335 64190 169395 226130 690150 163485 685230 1039500 76 968 4470 10909 33315 16121 67613 102585 15246 83160 171420 169695 517905 9328 64148 169290 225990 689730 163380 684810 1038870 3585 30525 99375 168105 513135 163095 683670 1037160 91845 500805 1032210 1021860 3118500
CCCCICCCCC 1 16 90 275 840 535 2240 3390 713 3860 7890 7780 23760 672 4536 11760 15540 47460 11250 47100 71280 450 3696 11676 19390 59220 18745 78480 118770 10695 57900 118350 116700 356400 210 2064 7728 15484 47292 18740 78460 118740 14260 77200 157800 155600 475200 6720 45360 117600 155400 474600 112500 471000 712800 65 756 3288 7728 23604 11241 47064 71226 10695 57900 118350 116700 356400 6720 45360 117600 155400 474600 112500 471000 712800 2700 22176 70056 116340 355320 112470 470880 712620 64170 347400 710100 700200 2138400
CCCCICCCIC 1 18 107 339 1038 675 2844 4311 909 4980 10227 10078 30840 854 5880 15387 20379 62358 14694 61870 93780 562 4760 15273 25530 78120 24651 103784 157311 13939 76324 156741 154490 472680 254 2612 10011 20303 62130 24644 103756 157269 18636 102036 209544 206540 631920 8645 59502 155715 206268 631104 148749 626188 949140 75 930 4179 10010 30636 14682 61822 93708 13939 76324 156741 154490 472680 8645 59502 155715 206268 631104 148749 626188 949140 3390 28708 92118 153998 471204 148708 626024 948894 84090 460380 945450 931920 2851200
CCCCICCICC 1 20 122 388 1192 766 3256 4946 1014 5648 11664 11475 35220 931 6584 17402 23057 70764 16513 70120 106500 597 5260 17128 28706 88108 27559 117020 177732 15392 85672 176906 174071 534180 263 2856 11160 22736 69796 27460 116616 177122 20514 114184 235782 232002 711960 9350 66100 174700 231490 710420 165810 703980 1069200 76 1012 4654 11211 34424 16363 69508 105576 15340 85400 176350 173515 532500 9342 66048 174564 231306 709864 165674 703424 1068360 3585 31584 102846 172371 529056 165489 702672 1067226 92430 514440 1062270 1045260 3207600
CCCCICICCC 1 22 135 424 1308 821 3528 5370 1064 6046 12546 12300 37908 958 6988 18609 24580 75756 17445 74904 113994 605 5566 18297 30560 94200 29050 124740 189840 16014 90960 188730 185040 570240 264 3032 11970 24272 74832 28980 124460 189420 21340 121220 251520 246600 759960 9586 69916 186180 245920 757920 174540 749400 1140480 76 1084 5034 12044 37140 17338 74476 113352 15990 90840 188490 184800 569520 9584 69904 186150 245880 757800 174510 749280 1140300 3630 33396 109782 183360 565200 174300 748440 1139040 96084 545760 1132380 1110240 3421440
CCCCICICIC 1 26 167 537 1662 1052 4558 6951 1365 7876 16428 16086 49704 1217 9106 24486 32387 100062 22863 98872 150732 752 7200 24039 40346 124668 38234 165326 252039 20851 120124 250476 245330 757800 317 3866 15609 31939 98718 38130 164910 251415 27834 160346 334344 327480 1011540 12283 91810 246825 326508 1008624 230559 996688 1519380 87 1354 6480 15718 48600 22705 98240 149784 20815 119944 250116 244970 756720 12280 91792 246780 326448 1008444 230514 996508 1519110 4530 43348 144714 242894 750492 230206 995276 1517262 125562 723180 1507860 1476960 4561920
CCCICCCCCC 1 17 94 281 864 539 2289 3465 714 3948 8064 7889 24255 672 4662 12054 15771 48489 11319 48069 72765 450 3822 12012 19705 60585 18865 80115 121275 10710 59220 120960 118335 363825 210 2148 7980 15757 48447 18865 80115 121275 14280 78960 161280 157780 485100 6720 46620 120540 157710 484890 113190 480690 727650 65 792 3408 7875 24213 11319 48069 72765 10710 59220 120960 118335 363825 6720 46620 120540 157710 484890 113190 480690 727650 2700 22932 72072 118230 363510 113190 480690 727650 64260 355320 725760 710010 2182950
CCCICCCCIC 1 19 111 345 1063 679 2900 4396 910 5089 10440 10208 31444 854 6041 15761 20670 63668 14779 63110 95676 562 4921 15704 25935 79885 24805 105920 160580 13958 78055 160160 156624 482412 254 2717 10329 20651 63611 24805 105920 160580 18662 104360 214140 209416 645008 8645 61157 159590 209322 644726 149662 639056 968856 75 973 4324 10190 31390 14779 63110 95676 13958 78055 160160 156624 482412 8645 61157 159590 209322 644726 149662 639056 968856 3390 29686 94746 156482 481986 149662 639056 968856 84210 470910 966300 945000 2910600
CCCICCCICC 1 21 126 394 1218 770 3318 5040 1015 5772 11907 11623 35910 931 6765 17826 23390 72261 16611 71541 108675 597 5436 17604 29159 90087 27734 119442 181440 15414 87630 180789 176508 545265 263 2967 11499 23111 71409 27636 119028 180810 20543 116790 240948 235241 726705 9350 67935 179025 234925 725745 166845 718515 1091475 76 1056 4803 11397 35220 16464 70920 107730 15360 87330 180165 175890 543375 9342 67878 178872 234720 725118 166698 717894 1090530 3585 32643 105714 175107 540990 166551 717273 1089585 92565 526230 1085670 1059975 3274425
CCCICCICCC 1 23 139 430 1335 825 3595 5472 1065 6180 12811 12463 38664 958 7179 19061 24940 77371 17553 76443 116352 605 5747 18790 31034 96286 29236 127326 193800 16038 93042 192876 187656 582120 264 3144 12313 24653 76500 29160 127010 193320 21370 123980 257010 250050 775680 9586 71832 190724 249556 774184 175644 764904 1164240 76 1128 5183 12230 37957 17439 75969 115632 16010 92890 192560 187340 581160 9584 71818 190686 249504 774026 175606 764746 1164000 3630 34482 112740 186204 577716 175416 763956 1162800 96228 558252 1157256 1125936 3492720
CCCICCICIC 1 27 171 543 1691 1056 4638 7072 1366 8046 16762 16288 50656 1217 9352 25068 32849 102150 23000 100872 153792 752 7431 24672 40958 127378 38475 168725 257240 20882 122866 255938 248772 773472 317 4005 16039 32422 100854 38361 168251 256520 27873 163994 341607 332043 1032368 12283 94323 252812 331320 1030178 232024 1017308 1550976 87 1406 6658 15943 49609 22829 100161 152712 20840 122638 255464 248298 772032 12280 94302 252755 331242 1029941 231967 1017071 1550616 4530 44746 148554 246620 766944 231682 1015886 1548816 125754 739776 1540968 1497888 4656960
CCCICICCCC 1 25 150 455 1420 855 3775 5755 1085 6440 13390 12955 40405 965 7471 19905 25875 80705 18025 79555 121275 606 6006 19691 32250 100600 30025 132525 202025 16285 96650 200950 194425 606375 264 3312 12985 25717 80231 30000 132425 201875 21710 128850 267900 259200 808400 9650 74710 199050 258750 807050 180250 795550 1212750 76 1200 5507 12818 39994 17985 79395 121035 16280 96625 200900 194375 606225 9650 74710 199050 258750 807050 180250 795550 1212750 3636 36036 118146 193500 603600 180150 795150 1212150 97710 579900 1205700 1166550 3638250
CCCICICCIC 1 29 182 568 1778 1086 4832 7378 1386 8348 17437 16850 52682 1224 9714 26117 33999 106291 23566 104732 159908 753 7760 25823 42514 132922 39480 175440 267870 21191 127533 266401 257512 804916 317 4215 16888 33781 105637 39445 175300 267660 28315 170397 355944 344078 1075474 12366 98097 263774 343455 1073605 238102 1057880 1615208 87 1492 7050 16665 52127 23511 104512 159578 21184 127498 266331 257442 804706 12366 98097 263774 343455 1073605 238102 1057880 1615208 4538 46758 155612 256226 801058 237962 1057320 1614368 127730 768580 1605500 1552040 4851000
CCCICICICC 1 33 210 653 2052 1232 5539 8475 1541 9469 19883 19166 60135 1328 10892 29547 38423 120552 26418 118602 181440 796 8616 29029 47799 149997 44049 197757 302535 23319 143160 300579 289803 909090 327 4654 18929 37892 118944 43906 197163 301635 31077 190800 400608 386241 1211625 13320 109205 296235 385255 1208655 264915 1189125 1819125 88 1649 7920 18730 58815 26201 117701 180075 23256 142815 299865 289095 906930 13312 109148 296082 385050 1208028 264768 1188504 1818180 4779 51723 174264 286947 900450 264441 1187163 1816155 139995 859410 1804410 1739745 5457375
CCICCCCCCC 1 18 97 284 880 540 2328 3520 714 4032 8204 7952 24640 672 4788 12292 15904 49280 11340 48888 73920 450 3948 12278 19880 61600 18900 81480 123200 10710 60480 123060 119280 369600 210 2232 8176 15904 49280 18900 81480 123200 14280 80640 164080 159040 492800 6720 47880 122920 159040 492800 113400 488880 739200 65 828 3500 7952 24640 11340 48888 73920 10710 60480 123060 119280 369600 6720 47880 122920 159040 492800 113400 488880 739200 2700 23688 73668 119280 369600 113400 488880 739200 64260 362880 738360 715680 2217600
CCICCCCCIC 1 20 114 348 1080 680 2946 4460 910 5194 10613 10284 31920 854 6202 16064 20838 64680 14805 64166 97160 562 5082 16045 26160 81200 24850 107710 163100 13958 79710 162915 157860 490000 254 2822 10576 20838 64680 24850 107710 163100 18662 106580 217840 211080 655200 8645 62812 162725 211080 655200 149940 649940 984200 75 1016 4435 10284 31920 14805 64166 97160 13958 79710 162915 157860 490000 8645 62812 162725 211080 655200 149940 649940 984200 3390 30664 96824 157860 490000 149940 649940 984200 84210 480960 983070 952560 2956800
CCICCCCICC 1 22 129 397 1236 771 3370 5112 1015 5892 12105 11710 36456 931 6946 18169 23582 73416 16641 72750 110376 597 5612 17980 29410 91560 27785 121470 184296 15414 89500 183913 177918 553896 263 3078 11762 23312 72576 27685 121030 183624 20543 119280 245106 237116 738192 9350 69770 182520 236900 737520 167160 730800 1108800 76 1100 4917 11494 35784 16491 72090 109368 15360 89180 183245 177270 551880 9342 69708 182354 236684 736848 167010 730140 1107792 3585 33702 107979 176622 549864 166860 729480 1106784 92565 537480 1104480 1068480 3326400
CCICCCICCC 1 24 142 433 1354 826 3652 5551 1065 6310 13027 12559 39262 958 7370 19426 25147 78614 17586 77748 118191 605 5928 19179 31296 97840 29290 129492 196850 16038 95028 196206 189168 591360 264 3256 12579 24857 77714 29210 129140 196310 21370 126620 261430 252050 787940 9586 73748 194392 251644 786680 175980 778008 1182720 76 1172 5297 12327 38542 17466 77220 117381 16010 94860 195850 188820 590280 9584 73732 194348 251586 786500 175940 777832 1182450 3630 35568 115074 187776 587040 175740 776952 1181100 96228 570168 1177236 1135008 3548160
CCICCCICIC 1 28 174 546 1712 1057 4708 7168 1366 8212 17036 16408 51416 1217 9598 25538 33115 103762 23042 102576 156188 752 7662 25171 41296 129400 38545 171580 261255 20882 125484 260328 250764 785680 317 4144 16372 32680 102412 38425 171052 260445 27873 167486 347457 334691 1048630 12283 96836 257641 334082 1046740 232470 1034744 1575560 87 1458 6794 16060 50336 22862 101784 154973 20840 125232 259794 250242 784060 12280 96812 257575 333995 1046470 232410 1034480 1575155 4530 46144 151580 248676 779200 232110 1033160 1573130 125754 755604 1567548 1509984 4730880
CCICCICCCC 1 26 153 458 1440 856 3836 5840 1085 6576 13618 13058 41040 965 7666 20280 26090 82000 18060 80920 123200 606 6188 20083 32515 102200 30080 134780 205200 16285 98700 204400 196000 616000 264 3424 13251 25921 81480 30050 134650 205000 21710 131580 272490 261290 821200 9650 76660 202800 260900 820000 180600 809200 1232000 76 1244 5621 12915 40600 18012 80712 122880 16280 98670 204335 195935 615800 9650 76660 202800 260900 820000 180600 809200 1232000 3636 37128 120498 195090 613200 180480 808680 1231200 97710 592200 1226400 1176000 3696000
CCICCICCIC 1 30 185 571 1800 1087 4906 7480 1386 8520 17723 16977 53480 1224 9964 26597 34273 107960 23610 106504 162400 753 7992 26325 42855 135000 39551 178406 272040 21191 130230 270938 259580 817600 317 4354 17221 34039 107240 39509 178224 271760 28315 174006 362015 346843 1092440 12366 100654 268709 346297 1090760 238566 1076032 1640800 87 1544 7186 16782 52880 23544 106218 161960 21184 130188 270847 259489 817320 12366 100654 268709 346297 1090760 238566 1076032 1640800 4538 48164 158662 258306 813680 238398 1075304 1639680 127730 784920 1633040 1564640 4928000
CCICCICICC 1 34 213 656 2076 1233 5624 8592 1541 9666 20212 19313 61056 1328 11172 30089 38736 122456 26469 120630 184296 796 8868 29579 48177 152320 44129 201114 307256 23319 146200 305713 292158 923496 327 4800 19281 38167 120696 43975 200440 306224 31077 194844 407428 389358 1230752 13320 112030 301720 388440 1227920 265440 1209600 1848000 88 1702 8059 18850 59624 26235 119606 182728 23256 145826 304928 291393 921120 13312 111968 301554 388224 1227248 265290 1208940 1846992 4779 53238 177573 289224 914424 264924 1207344 1844544 139995 877680 1835280 1753920 5544000
CCICICCCCC 1 28 162 474 1500 870 3958 6030 1091 6772 14029 13352 42240 966 7924 20937 26684 84420 18285 83178 126720 606 6440 20825 33320 105420 30470 138610 211170 16365 101580 210435 200280 633600 264 3592 13811 26628 84252 30465 138590 211140 21820 135440 280580 267040 844800 9660 79240 209370 266840 844200 182850 831780 1267200 76 1316 5889 13300 42084 18276 83142 126666 16365 101580 210435 200280 633600 9660 79240 209370 266840 844200 182850 831780 1267200 3636 38640 124950 199920 632520 182820 831660 1267020 98190 609480 1262610 1201680 3801600
CCICICCCIC 1 32 194 587 1862 1101 5042 7691 1392 8758 18218 17322 54920 1225 10292 27429 35017 111022 23885 109368 166860 753 8314 27277 43890 139160 40051 183394 279811 21292 133994 278822 265150 840600 317 4564 17928 34941 110794 40044 183366 279769 28458 179096 372688 354420 1123600 12379 104042 277368 354148 1122784 241541 1105992 1687500 87 1630 7510 17254 54716 23873 109320 166788 21292 133994 278822 265150 840600 12379 104042 277368 354148 1122784 241541 1105992 1687500 4538 50120 164468 264658 839124 241500 1105828 1687254 128370 807900 1681260 1598880 5068800
CCICICCICC 1 36 222 672 2140 1247 5772 8822 1547 9934 20772 19702 62688 1329 11540 31031 39586 125952 26785 123910 189408 796 9220 30631 49336 156988 44698 206776 316080 23436 150466 314681 298526 949728 327 5022 20035 39140 124564 44561 206160 315134 31237 200552 419427 397892 1265856 13335 115790 311395 397280 1263980 268815 1243470 1900800 88 1790 8392 19338 61556 26578 122980 187980 23370 150050 313795 297670 947040 13326 115712 311178 396996 1263088 268622 1242596 1899456 4779 55356 183912 296226 942588 268380 1241526 1897818 140715 903420 1889415 1792440 5702400
CCICICICCC 1 40 246 733 2346 1332 6248 9567 1617 10638 22333 21087 67422 1363 12280 33204 42163 134814 28236 132360 202671 805 9806 32772 52496 167880 47030 220472 337590 24318 159948 335796 317088 1013760 328 5370 21533 41765 133590 46940 220080 336990 32410 213180 447550 422610 1351140 13636 122848 332172 421804 1348680 282480 1324128 2027520 88 1934 9096 20759 66414 28099 131764 201759 24290 159780 335440 316740 1012680 13634 122832 332128 421746 1348500 282440 1323952 2027250 4830 58836 196632 314976 1007280 282180 1322832 2025540 145908 959688 2014776 1902528 6082560
CCICICICIC 1 48 306 931 2990 1709 8090 12407 2073 13884 29280 27598 88496 1726 16036 43738 55570 178180 36985 174832 268128 995 12726 43118 69322 222308 61844 292326 448324 31591 211388 445820 420334 1347480 391 6884 28141 54987 176386 61710 291742 447430 42169 282162 595085 561071 1798630 17397 161546 440634 559910 1795084 372701 1761336 2701260 100 2436 11747 27122 87032 36782 173948 266775 31549 211136 445286 419812 1345860 17394 161522 440568 559823 1794814 372641 1761072 2700855 5990 76592 259514 417250 1338012 372258 1759420 2698332 190164 1272264 2683248 2529984 8110080
CICCCCCCCC 1 19 99 285 891 540 2364 3564 714 4116 8316 7980 24948 672 4914 12474 15960 49896 11340 49644 74844 450 4074 12474 19950 62370 18900 82740 124740 10710 61740 124740 119700 374220 210 2316 8316 15960 49896 18900 82740 124740 14280 82320 166320 159600 498960 6720 49140 124740 159600 498960 113400 496440 748440 65 864 3564 7980 24948 11340 49644 74844 10710 61740 124740 119700 374220 6720 49140 124740 159600 498960 113400 496440 748440 2700 24444 74844 119700 374220 113400 496440 748440 64260 370440 748440 718200 2245320
CICCCCCCIC 1 21 116 349 1092 680 2989 4512 910 5299 10752 10318 32304 854 6363 16296 20909 65472 14805 65144 98352 562 5243 16296 26250 82200 24850 109365 165120 13958 81365 165120 158410 496080 254 2927 10752 20909 65472 24850 109365 165120 18662 108800 220800 211820 663360 8645 64467 165120 211820 663360 149940 659990 996480 75 1059 4512 10318 32304 14805 65144 98352 13958 81365 165120 158410 496080 8645 64467 165120 211820 663360 149940 659990 996480 3390 31642 98352 158410 496080 149940 659990 996480 84210 491010 996480 955920 2993760
CICCCCCICC 1 23 131 398 1249 771 3419 5171 1015 6012 12264 11749 36897 931 7127 18431 23663 74319 16641 73869 111741 597 5788 18256 29510 92680 27785 123345 186585 15414 91370 186410 178545 560805 263 3189 11949 23388 73444 27685 122885 185885 20543 121770 248430 237950 747390 9350 71605 185185 237730 746690 167160 742140 1122660 76 1144 4996 11529 36197 16491 73179 110691 15360 91030 185710 177885 558705 9342 71538 185010 237510 745990 167010 741450 1121610 3585 34761 109641 177225 556605 166860 740760 1120560 92565 548730 1119510 1072260 3367980
CICCCCICCC 1 25 144 434 1368 826 3706 5616 1065 6440 13200 12602 39744 958 7561 19704 25234 79584 17586 78954 119664 605 6109 19464 31400 99024 29290 131496 199296 16038 97014 198864 189840 598752 264 3368 12768 24934 78624 29210 131120 198720 21370 129260 264960 252940 797760 9586 75664 197184 252520 796416 175980 790104 1197504 76 1216 5376 12362 38976 17466 78390 118800 16010 96830 198480 189480 597600 9584 75646 197136 252460 796224 175940 789916 1197216 3630 36654 116784 188400 594144 175740 788976 1195776 96228 582084 1193184 1139040 3592512
CICCCCICIC 1 29 176 547 1728 1057 4775 7248 1366 8378 17256 16462 52032 1217 9844 25896 33227 105024 23042 104154 158112 752 7893 25536 41430 130944 38545 174225 264480 20882 128102 263832 251650 795456 317 4283 16608 32777 103584 38425 173661 263616 27873 170978 352128 335870 1061664 12283 99349 261312 335240 1059648 232470 1050842 1595232 87 1510 6888 16102 50880 22862 103308 156816 20840 127826 263256 251110 793728 12280 99322 261240 335150 1059360 232410 1050560 1594800 4530 47542 153792 249490 788544 232110 1049150 1592640 125754 771432 1588752 1515360 4790016
CICCCICCCC 1 27 155 459 1455 856 3894 5910 1085 6712 13800 13104 41550 965 7861 20565 26180 83010 18060 82180 124740 606 6370 20370 32620 103425 30080 136870 207750 16285 100750 207150 196700 623700 264 3536 13440 25998 82425 30050 136725 207525 21710 134310 276150 262220 831450 9650 78610 205650 261800 830100 180600 821800 1247400 76 1288 5700 12950 41055 18012 81948 124380 16280 100715 207075 196630 623475 9650 78610 205650 261800 830100 180600 821800 1247400 3636 38220 122220 195720 620550 180480 821220 1246500 97710 604500 1242900 1180200 3742200
CICCCICCIC 1 31 187 572 1817 1087 4977 7565 1386 8692 17952 17034 54125 1224 10214 26962 34388 109267 23610 108144 164400 753 8224 26692 42990 136595 39551 181159 275395 21191 132927 274555 260500 827760 317 4493 17457 34136 108457 39509 180956 275080 28315 177615 366855 348074 1106035 12366 103211 272455 347486 1104145 238566 1092792 1661280 87 1596 7280 16824 53450 23544 107825 163905 21184 132878 274450 260402 827445 12366 103211 272455 347486 1104145 238566 1092792 1661280 4538 49570 160890 259128 823350 238398 1091980 1660020 127730 801260 1654980 1570240 4989600
CICCCICICC 1 35 215 657 2095 1233 5706 8690 1541 9863 20475 19379 61800 1328 11452 30500 38867 123945 26469 122505 186585 796 9120 29980 48326 154105 44129 204231 311055 23319 149240 309800 293205 935025 327 4946 19530 38270 122035 43975 203510 309950 31077 198888 412860 390746 1246080 13320 114855 305875 389770 1242950 265440 1228500 1871100 88 1755 8155 18893 60245 26235 121409 184905 23256 148837 308965 292419 932520 13312 114788 305700 389550 1242250 265290 1227810 1870050 4779 54753 179985 290121 925155 264924 1226076 1867380 139995 895950 1859850 1760220 5613300
CICCICCCCC 1 29 164 475 1516 870 4019 6104 1091 6911 14216 13400 42768 966 8120 21224 26775 85456 18285 84474 128304 606 6622 21112 33425 106680 30470 140765 213800 16365 103665 213240 201000 641520 264 3704 14000 26705 85232 30465 140740 213760 21820 138220 284320 268000 855360 9660 81200 212240 267750 854560 182850 844740 1283040 76 1360 5968 13335 42560 18276 84429 128232 16365 103665 213240 201000 641520 9660 81200 212240 267750 854560 182850 844740 1283040 3636 39732 126672 200550 640080 182820 844590 1282800 98190 621990 1279440 1206000 3849120
CICCICCCIC 1 33 196 588 1880 1101 5116 7780 1392 8933 18452 17381 55584 1225 10543 27796 35133 112360 23885 111051 168912 753 8546 27644 44025 140800 40051 186230 283268 21292 136735 282508 266095 851040 317 4703 18164 35038 112056 40044 186195 283212 28458 182770 377632 355690 1137600 12379 106612 281140 355350 1136512 241541 1123227 1708560 87 1682 7604 17296 55312 23873 110991 168816 21292 136735 282508 266095 851040 12379 106612 281140 355350 1136512 241541 1123227 1708560 4538 51526 166696 265480 849072 241500 1123022 1708232 128370 824520 1703640 1604640 5132160
CICCICCICC 1 37 224 673 2160 1247 5857 8924 1547 10134 21040 19770 63452 1329 11821 31444 39718 127476 26785 125834 191756 796 9472 31032 49485 158824 44698 209988 319996 23436 153557 318848 299602 961580 327 5168 20284 39243 125952 44561 209337 318996 31237 204669 424976 399324 1281640 13335 118630 315580 398625 1279400 268815 1262910 1924560 88 1843 8488 19381 62204 26578 124850 190244 23370 153115 317920 298730 958780 13326 118546 315352 398336 1278472 268622 1261996 1923160 4779 56871 186324 297123 953628 268380 1260837 1921368 140715 922005 1914480 1798920 5773680
CICCICICCC 1 41 248 734 2368 1332 6342 9680 1617 10854 22624 21162 68256 1363 12575 33640 42304 136448 28236 134430 205200 805 10064 33184 52650 169824 47030 223906 341776 24318 163224 340224 318240 1026432 328 5517 21784 41869 135056 46940 223480 341120 32410 217540 453440 424140 1368000 13636 125804 336544 423220 1365056 282480 1344864 2052864 88 1987 9192 20802 67104 28099 133781 204200 24290 163040 339840 317880 1025280 13634 125786 336496 423160 1364864 282440 1344676 2052576 4830 60384 199104 315900 1018944 282180 1343436 2050656 145908 979344 2041344 1909440 6158592
CICCICICIC 1 49 308 932 3016 1709 8208 12548 2073 14161 29652 27693 89568 1726 16416 44300 55752 180312 36985 177547 271440 995 13054 43644 69520 224848 61844 296865 453852 31591 215707 451660 421855 1364256 391 7065 28452 55117 178280 61710 296231 452876 42169 287928 602880 563100 1821024 17397 165414 446372 561780 1816800 372701 1788939 2734992 100 2498 11860 27173 87904 36782 176586 269960 31549 215431 451084 421315 1362528 17394 165387 446300 561690 1816512 372641 1788657 2734560 5990 78574 262696 418450 1353360 372258 1786832 2731736 190164 1298352 2718552 2539200 8211456
CICICCCCCC 1 31 171 484 1557 875 4109 6237 1092 7084 14532 13573 43659 966 8372 21756 27139 87297 18375 86289 130977 606 6874 21714 33915 109095 30625 143815 218295 16380 106260 217980 203595 654885 264 3872 14448 27125 87255 30625 143815 218295 21840 141680 290640 271460 873180 9660 83720 217560 271390 872970 183750 862890 1309770 76 1432 6180 13559 43617 18375 86289 130977 16380 106260 217980 203595 654885 9660 83720 217560 271390 872970 183750 862890 1309770 3636 41244 130284 203490 654570 183750 862890 1309770 98280 637560 1307880 1221570 3929310
CICICCCCIC 1 35 203 597 1923 1106 5220 7932 1393 9148 18840 17588 56676 1225 10865 28473 35592 114708 23996 113380 172332 753 8868 28416 44655 143925 40250 190220 289140 21311 140140 288720 269484 868572 317 4913 18729 35573 114651 40250 190220 289140 28484 187340 385980 360256 1161168 12379 109922 288150 360162 1160886 242732 1147336 1744056 87 1768 7860 17570 56622 23996 113380 172332 21311 140140 288720 269484 868572 12379 109922 288150 360162 1160886 242732 1147336 1744056 4538 53482 171402 269342 868146 242732 1147336 1744056 128490 845220 1741500 1625400 5239080
CICICCCICC 1 39 231 682 2205 1252 5973 9093 1548 10379 21483 20006 64701 1329 12183 32211 40243 130158 26913 128502 195678 796 9824 31884 50189 162327 44924 214511 326655 23458 157407 325899 303471 981540 327 5390 20886 39819 128781 44786 213829 325605 31266 209794 434358 404467 1308195 13335 122300 323400 404035 1306815 270165 1290135 1964655 88 1931 8751 19664 63591 26706 127479 194103 23390 156915 324855 302505 978390 13326 122206 323142 403714 1305768 269958 1289112 1963080 4779 58989 191457 301374 974745 269751 1288089 1961505 140850 945180 1956960 1822275 5893965
CICICCICCC 1 43 255 743 2415 1337 6468 9864 1618 11119 23107 21422 69624 1363 12957 34457 42871 139339 28377 137316 209448 805 10426 34066 53386 173518 47270 228736 348888 24342 167316 347748 322392 1047816 328 5741 22393 42454 137988 47170 228240 348120 32440 222970 463410 429620 1396320 13636 129636 344756 428944 1394152 283920 1373904 2095632 88 2075 9455 21085 68533 28227 136572 208296 24310 167080 347240 321920 1046280 13634 129614 344694 428866 1393898 283870 1373656 2095248 4830 62556 204396 320316 1041108 283620 1372416 2093328 146052 1003896 2086488 1934352 6286896
CICICCICIC 1 51 315 941 3067 1714 8360 12768 2074 14498 30262 28016 91296 1726 16908 45352 56480 184054 37164 181304 276960 995 13516 44776 70470 229650 62155 303220 463200 31622 221098 461574 427320 1392480 391 7343 29215 55858 182038 62005 302476 462048 42208 295107 616071 570350 1858560 17397 170440 457188 569354 1855362 374612 1827568 2791872 100 2602 12174 27515 89673 36939 180188 275232 31574 220744 460812 426612 1390176 17394 170407 457095 569237 1854981 374537 1827196 2791296 5990 81370 269562 424232 1382496 374162 1825336 2788416 190356 1330968 2778624 2572416 8382528
CICICICCCC 1 47 275 784 2565 1381 6789 10365 1644 11602 24150 22239 72735 1371 13524 36000 44435 145335 29085 142975 218295 806 10941 35721 55420 181275 48455 238195 363675 24670 174100 362400 333725 1091475 328 6077 23625 44225 144666 48425 238050 363450 32890 232110 483150 444920 1455150 13710 135240 360000 444350 1453350 290850 1429750 2182950 88 2219 10047 22058 72159 29037 142743 217935 24665 174065 362325 333655 1091250 13710 135240 360000 444350 1453350 290850 1429750 2182950 4836 65646 214326 332520 1087650 290730 1429170 2182050 148020 1044600 2174400 2002350 6548850
CICICICCIC 1 55 335 982 3221 1758 8709 13313 2100 15065 31485 28954 94937 1734 17615 47275 58409 191524 38016 188356 287988 996 14171 46891 73074 239627 63666 315459 482335 32033 229894 480586 441972 1449156 391 7763 30771 58119 190600 63624 315256 482020 42793 307133 642069 590482 1936099 17493 177791 477259 589691 1933600 383760 1901536 2907528 100 2774 12890 28709 94157 37950 188037 287493 32026 229845 480481 441874 1448841 17493 177791 477259 589691 1933600 383760 1901536 2907528 5998 85370 282522 440294 1443828 383592 1900724 2906268 192980 1385120 2895720 2663080 8731800
CICICICICC 1 63 387 1128 3717 1989 9981 15285 2325 17096 35892 32893 108315 1872 19787 53499 65948 217167 42516 213279 326655 1048 15789 52761 82115 270432 70893 355632 544680 35128 258267 542259 496986 1636425 402 8615 34539 65180 214689 70701 354689 543225 46820 344232 722748 662403 2181105 18765 198340 536280 661085 2176905 426195 2137905 3274425 101 3085 14505 32265 106290 42225 211850 324450 35051 257712 541080 495894 1632870 18756 198246 536022 660764 2175858 425988 2136882 3272850 6291 94779 316719 492930 1623375 425565 2134815 3269655 210870 1550340 3255120 2983365 9823275
ICCCCCCCCC 1 20 100 285 900 540 2400 3600 714 4200 8400 7980 25200 672 5040 12600 15960 50400 11340 50400 75600 450 4200 12600 19950 63000 18900 84000 126000 10710 63000 126000 119700 378000 210 2400 8400 15960 50400 18900 84000 126000 14280 84000 168000 159600 504000 6720 50400 126000 159600 504000 113400 504000 756000 65 900 3600 7980 25200 11340 50400 75600 10710 63000 126000 119700 378000 6720 50400 126000 159600 504000 113400 504000 756000 2700 25200 75600 119700 378000 113400 504000 756000 64260 378000 756000 718200 2268000
ICCCCCCCIC 1 22 117 349 1102 680 3032 4555 910 5404 10857 10318 32620 854 6524 16457 20909 66122 14805 66122 99330 562 5404 16457 26250 83020 24850 111020 166775 13958 83020 166775 158410 501060 254 3032 10857 20909 66122 24850 111020 166775 18662 111020 223020 211820 670040 8645 66122 166775 211820 670040 149940 670040 1006530 75 1102 4555 10318 32620 14805 66122 99330 13958 83020 166775 158410 501060 8645 66122 166775 211820 670040 149940 670040 1006530 3390 32620 99330 158410 501060 149940 670040 1006530 84210 501060 1006530 955920 3024000
ICCCCCCICC 1 24 132 398 1260 771 3468 5220 1015 6132 12384 11749 37260 931 7308 18612 23663 75060 16641 74988 112860 597 5964 18432 29510 93600 27785 125220 188460 15414 93240 188280 178545 566460 263 3300 12060 23388 74160 27685 124740 187740 20543 124260 250920 237950 754920 9350 73440 187020 237730 754200 167160 753480 1134000 76 1188 5040 11529 36540 16491 74268 111780 15360 92880 187560 177885 564300 9342 73368 186840 237510 753480 167010 752760 1132920 3585 35820 110700 177225 562140 166860 752040 1131840 92565 559980 1130760 1072260 3402000
ICCCCCICCC 1 26 145 434 1380 826 3760 5670 1065 6570 13330 12602 40140 958 7752 19895 25234 80380 17586 80160 120870 605 6290 19645 31400 100000 29290 133500 201300 16038 99000 200850 189840 604800 264 3480 12880 24934 79380 29210 133100 200700 21370 131900 267600 252940 805800 9586 77580 199100 252520 804400 175980 802200 1209600 76 1260 5420 12362 39340 17466 79560 119970 16010 98800 200450 189480 603600 9584 77560 199050 252460 804200 175940 802000 1209300 3630 37740 117870 188400 600000 175740 801000 1207800 96228 594000 1205100 1139040 3628800
ICCCCCICIC 1 30 177 547 1742 1057 4842 7315 1366 8544 17422 16462 52540 1217 10090 26142 33227 106062 23042 105732 159690 752 8124 25767 41430 132220 38545 176870 267125 20882 130720 266450 251650 803460 317 4422 16747 32777 104562 38425 176270 266225 27873 174470 355620 335870 1072340 12283 101862 263825 335240 1070240 232470 1066940 1611330 87 1562 6940 16102 51340 22862 104832 158340 20840 130420 265850 251110 801660 12280 101832 263750 335150 1069940 232410 1066640 1610880 4530 48940 155190 249490 796260 232110 1065140 1608630 125754 787260 1604580 1515360 4838400
ICCCCICCCC 1 28 156 459 1468 856 3952 5968 1085 6848 13936 13104 41968 965 8056 20760 26180 83840 18060 83440 126000 606 6552 20552 32620 104440 30080 138960 209840 16285 102800 209200 196700 630000 264 3648 13552 25998 83216 30050 138800 209600 21710 137040 278880 262220 839840 9650 80560 207600 261800 838400 180600 834400 1260000 76 1332 5744 12950 41440 18012 83184 125616 16280 102760 209120 196630 629760 9650 80560 207600 261800 838400 180600 834400 1260000 3636 39312 123312 195720 626640 180480 833760 1259040 97710 616800 1255200 1180200 3780000
ICCCCICCIC 1 32 188 572 1832 1087 5048 7636 1386 8864 18124 17034 54656 1224 10464 27212 34388 110344 23610 109784 166040 753 8456 26924 42990 137920 39551 183912 278148 21191 135624 277252 260500 836080 317 4632 17596 34136 109480 39509 183688 277812 28315 181224 370464 348074 1117168 12366 105768 275012 347486 1115152 238566 1109552 1678040 87 1648 7332 16824 53936 23544 109432 165512 21184 135568 277140 260402 835744 12366 105768 275012 347486 1115152 238566 1109552 1678040 4538 50976 162296 259128 831376 238398 1108656 1676696 127730 817600 1671320 1570240 5040000
ICCCCICICC 1 36 216 657 2112 1233 5788 8772 1541 10060 20672 19379 62412 1328 11732 30780 38867 125172 26469 124380 188460 796 9372 30232 48326 155592 44129 207348 314172 23319 152280 312840 293205 944460 327 5092 19676 38270 123168 43975 206580 313020 31077 202932 416904 390746 1258632 13320 117680 308700 389770 1255320 265440 1247400 1890000 88 1808 8208 18893 60780 26235 123212 186708 23256 151848 311976 292419 941868 13312 117608 308520 389550 1254600 265290 1246680 1888920 4779 56268 181500 290121 934092 264924 1244808 1886112 139995 914220 1878120 1760220 5670000
ICCCICCCCC 1 30 165 475 1530 870 4080 6165 1091 7050 14355 13400 43200 966 8316 21420 26775 86310 18285 85770 129600 606 6804 21294 33425 107730 30470 142920 215955 16365 105750 215325 201000 648000 264 3816 14112 26705 86058 30465 142890 215910 21820 141000 287100 268000 864000 9660 83160 214200 267750 863100 182850 857700 1296000 76 1404 6012 13335 42966 18276 85716 129519 16365 105750 215325 201000 648000 9660 83160 214200 267750 863100 182850 857700 1296000 3636 40824 127764 200550 646380 182820 857520 1295730 98190 634500 1291950 1206000 3888000
ICCCICCCIC 1 34 197 588 1896 1101 5190 7854 1392 9108 18627 17381 56130 1225 10794 28047 35133 113466 23885 112734 170595 753 8778 27876 44025 142170 40051 189066 286104 21292 139476 285249 266095 859590 317 4842 18303 35038 113124 40044 189024 286041 28458 186444 381306 355690 1149060 12379 109182 283710 355350 1147836 241541 1140462 1725795 87 1734 7656 17296 55824 23873 112662 170487 21292 139476 285249 266095 859590 12379 109182 283710 355350 1147836 241541 1140462 1725795 4538 52932 168102 265480 857376 241500 1140216 1725426 128370 841140 1720260 1604640 5184000
ICCCICCICC 1 38 225 673 2178 1247 5942 9009 1547 10334 21240 19770 64080 1329 12102 31725 39718 128736 26785 127758 193680 796 9724 31284 49485 160362 44698 213200 323208 23436 156648 321939 299602 971280 327 5314 20430 39243 127134 44561 212514 322173 31237 208786 429093 399324 1294560 13335 121470 318420 398625 1292130 268815 1282350 1944000 88 1896 8541 19381 62766 26578 126720 192114 23370 156180 320985 298730 968400 13326 121380 318186 398336 1291176 268622 1281396 1942560 4779 58386 187839 297123 962874 268380 1280148 1940679 140715 940590 1933065 1798920 5832000
ICCCICICCC 1 42 249 734 2388 1332 6436 9774 1617 11070 22840 21162 68940 1363 12870 33935 42304 137800 28236 136500 207270 805 10322 33442 52650 171460 47030 227340 345210 24318 166500 343500 318240 1036800 328 5664 21931 41869 136314 46940 226880 344520 32410 221900 457800 424140 1381800 13636 128760 339500 423220 1378600 282480 1365600 2073600 88 2040 9245 20802 67708 28099 135798 206217 24290 166300 343100 317880 1035600 13634 128740 339450 423160 1378400 282440 1365400 2073300 4830 61932 200652 315900 1028760 282180 1364040 2071260 145908 999000 2061000 1909440 6220800
ICCCICICIC 1 50 309 932 3040 1709 8326 12666 2073 14438 29929 27693 90450 1726 16796 44680 55752 182080 36985 180262 274155 995 13382 43972 69520 226992 61844 301404 458391 31591 220026 455979 421855 1377990 391 7246 28633 55117 179914 61710 300720 457365 42169 293694 608646 563100 1839360 17397 169282 450240 561780 1834776 372701 1816542 2762595 100 2560 11922 27173 88674 36782 179224 272598 31549 219726 455379 421315 1376190 17394 169252 450165 561690 1834476 372641 1816242 2762145 5990 80556 264678 418450 1366308 372258 1814244 2759148 190164 1324440 2744640 2539200 8294400
ICCICCCCCC 1 32 172 484 1572 875 4172 6300 1092 7224 14672 13573 44100 966 8568 21952 27139 88172 18375 87612 132300 606 7056 21896 33915 110180 30625 146020 220500 16380 108360 220080 203595 661500 264 3984 14560 27125 88116 30625 146020 220500 21840 144480 293440 271460 882000 9660 85680 219520 271390 881720 183750 876120 1323000 76 1476 6224 13559 44044 18375 87612 132300 16380 108360 220080 203595 661500 9660 85680 219520 271390 881720 183750 876120 1323000 3636 42336 131376 203490 661080 183750 876120 1323000 98280 650160 1320480 1221570 3969000
ICCICCCCIC 1 36 204 597 1940 1106 5296 8008 1393 9324 19016 17588 57232 1225 11116 28724 35592 115840 23996 115096 174048 753 9100 28648 44655 145340 40250 193120 292040 21311 142900 291480 269484 877296 317 5052 18868 35573 115764 40250 193120 292040 28484 191040 389680 360256 1172864 12379 112492 290720 360162 1172488 242732 1164928 1761648 87 1820 7912 17570 57160 23996 115096 174048 21311 142900 291480 269484 877296 12379 112492 290720 360162 1172488 242732 1164928 1761648 4538 54888 172808 269342 876728 242732 1164928 1761648 128490 861960 1758240 1625400 5292000
ICCICCCICC 1 40 232 682 2224 1252 6060 9180 1548 10580 21684 20006 65340 1329 12464 32492 40243 131448 26913 130464 197640 796 10076 32136 50189 163916 44924 217796 329940 23458 160520 329012 303471 991440 327 5536 21032 39819 130012 44786 217084 328860 31266 213940 438504 404467 1321380 13335 125140 326240 404035 1319860 270165 1309980 1984500 88 1984 8804 19664 64180 26706 129396 196020 23390 160000 327940 302505 988200 13326 125040 325976 403714 1318784 269958 1308912 1982880 4779 60504 192972 301374 984300 269751 1307844 1981260 140850 963900 1975680 1822275 5953500
ICCICCICCC 1 44 256 743 2436 1337 6564 9960 1618 11336 23324 21422 70320 1363 13252 34752 42871 140724 28377 139428 211560 805 10684 34324 53386 175208 47270 232248 352400 24342 170616 351048 322392 1058400 328 5888 22540 42454 139296 47170 231720 351600 32440 227360 467800 429620 1410400 13636 132592 347712 428944 1408032 283920 1395072 2116800 88 2128 9508 21085 69164 28227 138636 210360 24310 170360 350520 321920 1056800 13634 132568 347648 428866 1407768 283870 1394808 2116400 4830 64104 205944 320316 1051248 283620 1393488 2114400 146052 1023696 2106288 1934352 6350400
ICCICCICIC 1 52 316 941 3092 1714 8480 12888 2074 14776 30540 28016 92192 1726 17288 45732 56480 185864 37164 184072 279728 995 13844 45104 70470 231864 62155 307860 467840 31622 225448 465924 427320 1406496 391 7524 29396 55858 183736 62005 307068 466640 42208 300912 621876 570350 1877264 17397 174308 461056 569354 1873784 374612 1855744 2820048 100 2664 12236 27515 90476 36939 182884 277928 31574 225064 465132 426612 1404096 17394 174272 460960 569237 1873388 374537 1855348 2819448 5990 83352 271544 424232 1395872 374162 1853368 2816448 190356 1357248 2804904 2572416 8467200
ICCICICCCC 1 48 276 784 2588 1381 6892 10468 1644 11828 24376 22239 73468 1371 13824 36300 44435 146780 29085 145180 220500 806 11200 35980 55420 183040 48455 241860 367340 24670 177500 365800 333725 1102500 328 6224 23772 44225 146044 48425 241700 367100 32890 236640 487680 444920 1469840 13710 138240 363000 444350 1467800 290850 1451800 2205000 88 2272 10100 22058 72832 29037 144924 220116 24665 177460 365720 333655 1102260 13710 138240 363000 444350 1467800 290850 1451800 2205000 4836 67200 215880 332520 1098240 290730 1451160 2204040 148020 1065000 2194800 2002350 6615000
ICCICICCIC 1 56 336 982 3248 1758 8836 13440 2100 15352 31772 28954 95872 1734 18000 47660 58409 193404 38016 191232 290864 996 14500 47220 73074 241936 63666 320292 487168 32033 234368 485060 441972 1463728 391 7944 30952 58119 192388 63624 320068 486832 42793 313120 648056 590482 1955600 17493 181716 481184 589691 1952772 383760 1930872 2936864 100 2836 12952 28709 95012 37950 190880 290336 32026 234312 484948 441874 1463392 17493 181716 481184 589691 1952772 383760 1930872 2936864 5998 87360 284512 440294 1457800 383592 1929976 2935520 192980 1412200 2922800 2663080 8820000
ICCICICICC 1 64 388 1128 3748 1989 10128 15432 2325 17424 36220 32893 109392 1872 20216 53928 65948 219308 42516 216564 329940 1048 16144 53116 82115 273028 70893 361104 550152 35128 263300 547292 496986 1652940 402 8804 34728 65180 216680 70701 360104 548640 46820 350932 729448 662403 2203092 18765 202660 540600 661085 2198460 426195 2170980 3307500 101 3148 14568 32265 107240 42225 215048 327648 35051 262708 546076 495894 1649268 18756 202560 540336 660764 2197384 425988 2169912 3305880 6291 96912 318852 492930 1638972 425565 2167692 3302532 210870 1580580 3285360 2983365 9922500
ICICCCCCCC 1 34 177 488 1600 876 4248 6400 1092 7392 14924 13664 44800 966 8820 22372 27328 89600 18396 89208 134400 606 7308 22358 34160 112000 30660 148680 224000 16380 110880 223860 204960 672000 264 4152 14896 27328 89600 30660 148680 224000 21840 147840 298480 273280 896000 9660 88200 223720 273280 896000 183960 892080 1344000 76 1548 6380 13664 44800 18396 89208 134400 16380 110880 223860 204960 672000 9660 88200 223720 273280 896000 183960 892080 1344000 3636 43848 134148 204960 672000 183960 892080 1344000 98280 665280 1343160 1229760 4032000
ICICCCCCIC 1 38 209 601 1970 1107 5386 8125 1393 9534 19328 17698 58100 1225 11438 29259 35831 117670 24022 117156 176750 753 9422 29240 44970 147700 40295 196610 296625 21311 146210 296440 271270 891100 317 5262 19291 35831 117670 40295 196610 296625 28484 195480 396340 362660 1191400 12379 115802 296250 362660 1191400 243010 1186140 1789550 87 1906 8100 17698 58100 24022 117156 176750 21311 146210 296440 271270 891100 12379 115802 296250 362660 1191400 243010 1186140 1789550 4538 56844 176414 271270 891100 243010 1186140 1789550 128490 882060 1788420 1636320 5376000
ICICCCCICC 1 42 237 686 2256 1253 6162 9312 1548 10820 22041 20132 66336 1329 12826 33097 40516 133536 26943 132822 200736 796 10428 32788 50540 166560 44975 221750 335136 23458 164260 334633 305508 1007136 327 5758 21482 40096 132096 44835 220990 333984 31266 218920 445986 407176 1342272 13335 128810 332400 406840 1341120 270480 1333920 2016000 88 2072 8997 19796 65184 26733 131682 199008 23390 163700 333485 304500 1003680 13326 128700 332114 406504 1339968 270270 1332780 2014272 4779 62622 196899 303492 1000224 270060 1331640 2012544 140850 986400 2009520 1834560 6048000
ICICCCICCC 1 46 261 747 2470 1338 6676 10105 1618 11596 23713 21561 71410 1363 13634 35395 43165 142970 28410 141972 214905 805 11046 34998 53752 178000 47324 236472 357950 24342 174588 357036 324576 1075200 328 6112 22995 42735 141470 47220 235880 357050 32440 232640 475750 432510 1432700 13636 136424 354172 431908 1430600 284256 1420608 2150400 88 2216 9701 21217 70210 28254 141084 213555 24310 174300 356440 324060 1073400 13634 136396 354098 431822 1430300 284204 1420312 2149950 4830 66276 209988 322512 1068000 283944 1418832 2147700 146052 1047528 2142216 1947456 6451200
ICICCCICIC 1 54 321 945 3130 1715 8618 13065 2074 15108 31034 28190 93580 1726 17780 46560 56858 188780 37206 187396 284090 995 14306 45968 70942 235500 62225 313430 475150 31622 230684 473818 430198 1428700 391 7802 29965 56213 186530 62069 312542 473800 42208 307896 632397 574177 1906850 17397 179334 469556 573274 1903700 375058 1889724 2864750 100 2768 12466 27674 91780 36972 186064 282065 31574 230252 472924 429424 1426000 17394 179292 469445 573145 1903250 374980 1889280 2864075 5990 86148 276782 427102 1417900 374590 1887060 2860700 190356 1388904 2852688 2589888 8601600
ICICCICCCC 1 50 281 788 2624 1382 7012 10624 1644 12100 24786 22388 74624 1371 14214 36960 44740 149120 29120 147840 224000 806 11564 36659 55790 185920 48510 246260 373120 24670 181600 372000 336000 1120000 328 6448 24227 44506 148288 48475 246050 372800 32890 242100 495930 447940 1493120 13710 142140 369600 447400 1491200 291200 1478400 2240000 88 2360 10293 22190 73920 29064 147504 223488 24665 181550 371895 335910 1119680 13710 142140 369600 447400 1491200 291200 1478400 2240000 4836 69384 219954 334740 1115520 291060 1477560 2238720 148020 1089600 2232000 2016000 6720000
ICICCICCIC 1 58 341 986 3288 1759 8982 13628 2100 15696 32287 29138 97328 1734 18500 48505 58798 196424 38060 194688 295400 996 14964 48089 73550 245680 63737 326082 494764 32033 239762 493214 444960 1486800 391 8222 31521 58474 195272 63688 325788 494316 42793 320338 658967 594478 1986464 17493 186830 489865 593722 1983776 384224 1966248 2983400 100 2940 13182 28868 96368 37983 194226 294696 32026 239692 493067 444834 1486352 17493 186830 489865 593722 1983776 384224 1966248 2983400 5998 90172 289790 443196 1480528 384028 1965072 2981608 192980 1444880 2972280 2681280 8960000
ICICCICICC 1 66 393 1132 3792 1990 10296 15648 2325 17818 36812 33106 111072 1872 20776 54881 66392 222752 42567 220518 335136 1048 16648 54067 82642 277216 70973 367658 558752 35128 269380 556513 500388 1679136 402 9096 35329 65558 219840 70770 366520 557024 46820 359020 741700 666908 2237888 18765 208310 550240 665600 2233280 426720 2210880 3360000 101 3254 14803 32428 108704 42259 218790 332512 35051 268730 555176 499218 1675104 18756 208200 549954 665264 2232128 426510 2209740 3358272 6291 99942 324573 496104 1664160 426048 2207088 3354240 210870 1617120 3340800 3003840 10080000
ICICICCCCC 1 54 297 813 2730 1401 7238 10965 1651 12482 25534 22864 76800 1372 14728 38157 45703 153510 29436 152088 230400 806 12068 38003 57085 191730 49055 253450 383955 24765 187230 383010 342960 1152000 328 6784 25235 45633 153258 49050 253420 383910 33020 249640 510680 457280 1536000 13720 147280 381570 457030 1535100 294360 1520880 2304000 88 2504 10773 22799 76566 29427 152034 230319 24765 187230 383010 342960 1152000 13720 147280 381570 457030 1535100 294360 1520880 2304000 4836 72408 228018 342510 1150380 294330 1520700 2303730 148590 1123380 2298060 2057760 6912000
ICICICCCIC 1 62 357 1011 3398 1778 9236 14009 2107 16162 33191 29699 99950 1735 19154 50022 60006 201988 38447 200090 303525 996 15608 49813 75215 253190 64436 335456 508879 32153 247126 507605 454025 1528650 391 8642 32793 59911 201646 64429 335414 508816 42962 330284 678430 606790 2043100 17506 193580 505638 606450 2041876 388403 2022626 3068325 100 3112 13762 29614 99644 38435 200018 303417 32153 247126 507605 454025 1528650 17506 193580 505638 606450 2041876 388403 2022626 3068325 5998 94084 300302 453410 1526436 388362 2022380 3067956 193740 1489800 3060240 2736960 9216000
ICICICCICC 1 70 409 1157 3906 2009 10574 16065 2332 18344 37836 33740 114048 1873 21510 56598 67772 229104 43012 226704 344448 1048 17352 55971 84505 285642 71768 378296 574776 35267 277722 572874 510748 1726848 402 9540 36685 67107 226782 71581 377238 573165 47009 370174 763578 680776 2301696 18780 215800 567855 679925 2298690 431460 2274600 3456000 101 3430 15399 33199 112158 42730 225108 342018 35185 276990 571350 509420 1722240 18770 215660 567480 679484 2297160 431192 2273088 3453696 6291 104178 336045 507357 1714986 430875 2271282 3450951 211725 1667430 3439530 3066480 10368000
ICICICICCC 1 78 453 1259 4278 2138 11444 17409 2428 19664 40669 36057 122610 1915 22938 60573 72107 245190 45234 242244 368505 1058 18508 59910 89842 305460 75354 403532 613860 36492 295608 611376 542016 1843200 403 10234 39446 71542 243204 75240 402880 612870 48640 394000 814870 722430 2456700 19156 229464 605952 721328 2452800 452496 2423328 3686400 101 3718 16695 35593 120978 45061 241254 367002 36460 295320 610780 541500 1841400 19154 229436 605878 721242 2452500 452444 2423032 3685950 6348 111048 359460 539052 1832760 452124 2421192 3683160 218952 1773648 3668256 3252096 11059200
ICICICICIC 1 94 565 1603 5462 2746 14836 22601 3109 25694 53355 47215 161030 2416 30000 79834 95046 324172 59203 320130 487665 1300 24072 78878 118642 404612 98979 535234 815341 47279 390970 811853 718313 2450250 477 13158 51604 94216 321256 98809 534262 813865 63106 521860 1083647 958787 3270550 24324 302152 804054 957194 3264916 596171 3224210 4911525 114 4700 21593 46539 158654 58946 318660 485433 47231 390538 810959 717539 2447550 24321 302110 803943 957065 3264466 596093 3223766 4910850 7822 144868 474692 713972 2434968 595620 3221048 4906728 284496 2352864 4885728 4322688 14745600
