CCCCCC 1 7 21 35 105 35 140 210 21 105 210 210 630
CCCCIC 1 8 26 45 136 45 184 278 26 136 278 278 840
CCCICC 1 9 30 51 156 49 207 315 27 150 312 309 945
CCICCC 1 10 33 54 168 50 220 336 27 160 334 324 1008
CCICIC 1 12 42 70 220 64 290 446 33 208 443 428 1344
CICCCC 1 11 35 55 175 50 230 350 27 170 350 330 1050
CICCIC 1 13 44 71 228 64 303 464 33 221 464 436 1400
CICICC 1 15 51 80 261 69 341 525 34 246 522 483 1575
ICCCCC 1 12 36 55 180 50 240 360 27 180 360 330 1080
ICCCIC 1 14 45 71 234 64 316 477 33 234 477 436 1440
ICCICC 1 16 52 80 268 69 356 540 34 260 536 483 1620
ICICCC 1 18 57 84 288 70 380 576 34 280 574 504 1728
ICICIC 1 22 73 109 378 89 502 765 41 366 762 664 2304
