CCCCCCC 1 8 28 56 168 70 280 420 56 280 560 560 1680 28 168 420 560 1680 420 1680 2520
CCCCCIC 1 9 34 71 214 90 365 550 71 365 740 740 2230 34 214 550 740 2230 550 2230 3360
CCCCICC 1 10 39 81 246 100 414 627 76 406 834 830 2520 35 234 615 826 2508 603 2496 3780
CCCICCC 1 11 43 87 267 104 442 672 77 430 890 876 2688 35 249 660 874 2682 624 2652 4032
CCCICIC 1 13 54 112 346 134 580 886 97 562 1179 1158 3574 42 319 868 1155 3565 814 3520 5376
CCICCCC 1 12 46 90 280 105 460 700 77 450 930 900 2800 35 264 695 900 2800 630 2760 4200
CCICCIC 1 14 57 115 360 135 602 920 97 588 1231 1189 3720 42 338 913 1189 3720 822 3664 5600
CCICICC 1 16 66 131 414 149 682 1047 103 656 1388 1330 4200 43 374 1026 1326 4188 897 4104 6300
CICCCCC 1 13 48 91 288 105 475 720 77 470 960 910 2880 35 279 720 910 2880 630 2850 4320
CICCCIC 1 15 59 116 369 135 621 945 97 614 1270 1202 3825 42 357 945 1202 3825 822 3784 5760
CICCICC 1 17 68 132 424 149 704 1076 103 685 1432 1345 4320 43 394 1060 1340 4304 897 4239 6480
CICICCC 1 19 75 141 459 154 752 1152 104 730 1530 1416 4608 43 424 1140 1414 4602 924 4512 6912
CICICIC 1 23 95 182 597 198 989 1521 130 957 2029 1870 6129 51 547 1503 1867 6120 1200 5992 9216
ICCCCCC 1 14 49 91 294 105 490 735 77 490 980 910 2940 35 294 735 910 2940 630 2940 4410
ICCCCIC 1 16 60 116 376 135 640 964 97 640 1296 1202 3904 42 376 964 1202 3904 822 3904 5880
ICCCICC 1 18 69 132 432 149 726 1098 103 714 1461 1345 4410 43 414 1080 1340 4392 897 4374 6615
ICCICCC 1 20 76 141 468 154 776 1176 104 760 1560 1416 4704 43 444 1160 1414 4696 924 4656 7056
ICCICIC 1 24 96 182 608 198 1020 1552 130 996 2068 1870 6256 51 572 1528 1867 6244 1200 6184 9408
ICICCCC 1 22 81 145 490 155 810 1225 104 800 1630 1450 4900 43 474 1220 1450 4900 930 4860 7350
ICICCIC 1 26 101 186 632 199 1062 1612 130 1048 2159 1914 6512 51 610 1605 1914 6512 1208 6456 9800
ICICICC 1 30 117 211 726 218 1204 1833 137 1174 2435 2135 7350 52 680 1806 2130 7332 1311 7242 11025
