CCCCCCCC 1 9 36 84 252 126 504 756 126 630 1260 1260 3780 84 504 1260 1680 5040 1260 5040 7560 36 252 756 1260 3780 1260 5040 7560 756 3780 7560 7560 22680
CCCCCCIC 1 10 43 105 316 161 650 978 161 820 1655 1655 4980 105 650 1655 2220 6680 1655 6680 10050 43 316 978 1655 4980 1655 6680 10050 978 4980 10050 10050 30240
CCCCCICC 1 11 49 120 363 181 741 1119 176 920 1875 1870 5655 111 716 1855 2490 7530 1835 7510 11340 44 343 1089 1850 5595 1830 7490 11310 1059 5535 11280 11250 34020
CCCCICCC 1 12 54 130 396 191 796 1206 181 976 2004 1986 6048 112 756 1980 2640 8040 1916 7984 12096 44 364 1170 1970 6000 1914 7976 12084 1086 5856 12024 11916 36288
CCCCICIC 1 14 67 166 508 246 1038 1578 231 1276 2645 2618 8004 139 978 2609 3492 10676 2513 10592 16098 52 460 1524 2594 7932 2510 10580 16080 1398 7716 15990 15828 48384
CCCICCCC 1 13 58 136 418 195 830 1260 182 1015 2090 2050 6300 112 791 2075 2730 8390 1950 8300 12600 44 385 1236 2045 6285 1950 8300 12600 1092 6090 12540 12300 37800
CCCICCIC 1 15 71 172 531 250 1077 1640 232 1325 2753 2697 8320 139 1023 2732 3609 11133 2557 11007 16760 52 486 1607 2690 8299 2557 11007 16760 1406 8026 16676 16340 50400
CCCICICC 1 17 82 197 612 280 1227 1875 252 1487 3117 3040 9435 146 1133 3070 4044 12552 2825 12370 18900 53 535 1803 3011 9348 2820 12350 18870 1515 8937 18732 18270 56700
CCICCCCC 1 14 61 139 432 196 854 1296 182 1050 2155 2085 6480 112 826 2150 2780 8640 1960 8540 12960 44 406 1287 2085 6480 1960 8540 12960 1092 6300 12930 12510 38880
CCICCCIC 1 16 74 175 546 251 1106 1683 232 1370 2836 2741 8550 139 1068 2829 3674 11460 2570 11324 17235 52 512 1671 2741 8550 2570 11324 17235 1406 8304 17194 16620 51840
CCICCICC 1 18 85 200 628 281 1260 1924 252 1538 3212 3091 9700 146 1182 3177 4117 12920 2840 12730 19440 53 562 1870 3065 9620 2834 12704 19400 1515 9246 19311 18585 58320
CCICICCC 1 20 94 216 684 295 1352 2070 258 1636 3434 3276 10368 147 1258 3400 4360 13800 2956 13544 20736 53 604 2017 3260 10320 2954 13536 20724 1548 9816 20604 19656 62208
CCICICIC 1 24 118 277 882 380 1768 2715 328 2144 4539 4319 13734 181 1634 4489 5766 18336 3868 17976 27603 62 770 2638 4295 13662 3865 17964 27585 1982 12948 27412 26088 82944
CICCCCCC 1 15 63 140 441 196 875 1323 182 1085 2205 2100 6615 112 861 2205 2800 8820 1960 8750 13230 44 427 1323 2100 6615 1960 8750 13230 1092 6510 13230 12600 39690
CICCCCIC 1 17 76 176 556 251 1132 1716 232 1415 2900 2760 8724 139 1113 2900 3700 11696 2570 11602 17592 52 538 1716 2760 8724 2570 11602 17592 1406 8582 17592 16740 52920
CICCCICC 1 19 87 201 639 281 1290 1962 252 1589 3285 3113 9900 146 1231 3255 4146 13185 2840 13045 19845 53 589 1917 3085 9810 2834 13016 19800 1515 9555 19755 18720 59535
CICCICCC 1 21 96 217 696 295 1385 2112 258 1690 3512 3300 10584 147 1308 3480 4390 14080 2956 13880 21168 53 631 2064 3280 10520 2954 13870 21152 1548 10140 21072 19800 63504
CICCICIC 1 25 120 278 896 380 1810 2768 328 2214 4640 4350 14016 181 1698 4592 5805 18704 3868 18422 28176 62 803 2696 4320 13920 3865 18407 28152 1982 13376 28032 26280 84672
CICICCCC 1 23 103 226 733 300 1445 2205 259 1765 3665 3400 11025 147 1378 3650 4530 14690 3000 14450 22050 53 673 2181 3395 11010 3000 14450 22050 1554 10590 21990 20400 66150
CICICCIC 1 27 127 287 935 385 1880 2876 329 2309 4833 4474 14572 181 1788 4812 5987 19501 3925 19172 29336 62 855 2843 4467 14551 3925 19172 29336 1990 13972 29252 27080 88200
CICICICC 1 31 147 328 1077 429 2141 3285 355 2596 5472 5033 16515 189 1991 5415 6700 21987 4320 21555 33075 63 950 3198 4996 16398 4314 21526 33030 2133 15597 32877 30240 99225
ICCCCCCC 1 16 64 140 448 196 896 1344 182 1120 2240 2100 6720 112 896 2240 2800 8960 1960 8960 13440 44 448 1344 2100 6720 1960 8960 13440 1092 6720 13440 12600 40320
ICCCCCIC 1 18 77 176 564 251 1158 1742 232 1460 2945 2760 8860 139 1158 2945 3700 11880 2570 11880 17870 52 564 1742 2760 8860 2570 11880 17870 1406 8860 17870 16740 53760
ICCCCICC 1 20 88 201 648 281 1320 1992 252 1640 3336 3113 10056 146 1280 3304 4146 13392 2840 13360 20160 53 616 1944 3085 9960 2834 13328 20112 1515 9864 20064 18720 60480
ICCCICCC 1 22 97 217 706 295 1418 2145 258 1744 3566 3300 10752 147 1358 3530 4390 14300 2956 14216 21504 53 658 2091 3280 10680 2954 14204 21486 1548 10464 21396 19800 64512
ICCCICIC 1 26 121 278 908 380 1852 2810 328 2284 4710 4350 14236 181 1762 4656 5805 18994 3868 18868 28622 62 836 2729 4320 14128 3865 18850 28595 1982 13804 28460 26280 86016
ICCICCCC 1 24 104 226 744 300 1480 2240 259 1820 3720 3400 11200 147 1428 3700 4530 14920 3000 14800 22400 53 700 2208 3395 11180 3000 14800 22400 1554 10920 22320 20400 67200
ICCICCIC 1 28 128 287 948 385 1924 2920 329 2380 4904 4474 14800 181 1852 4876 5987 19804 3925 19636 29800 62 888 2876 4467 14772 3925 19636 29800 1990 14408 29688 27080 89600
ICCICICC 1 32 148 328 1092 429 2192 3336 355 2676 5552 5033 16776 189 2060 5484 6700 22328 4320 22080 33600 63 984 3232 4996 16644 4314 22048 33552 2133 16080 33360 30240 100800
ICICCCCC 1 26 109 230 768 301 1526 2304 259 1890 3835 3450 11520 147 1498 3830 4600 15360 3010 15260 23040 53 742 2295 3450 11520 3010 15260 23040 1554 11340 23010 20700 69120
ICICCCIC 1 30 133 291 974 386 1980 2997 329 2470 5051 4537 15210 181 1942 5044 6078 20380 3938 20244 30645 62 940 2985 4537 15210 3938 20244 30645 1990 14964 30604 27480 92160
ICICCICC 1 34 153 332 1120 430 2256 3424 355 2778 5720 5106 17248 189 2158 5669 6802 22976 4335 22770 34560 63 1038 3346 5070 17120 4328 22728 34496 2133 16698 34383 30690 103680
ICICICCC 1 38 169 357 1218 449 2422 3681 362 2964 6116 5400 18432 190 2308 6070 7190 24540 4496 24256 36864 63 1122 3610 5380 18360 4494 24244 36846 2172 17784 36696 32400 110592
ICICICIC 1 46 213 459 1574 578 3172 4833 458 3892 8089 7117 24426 232 3008 8021 9503 32614 5866 32212 49077 73 1438 4729 7087 24318 5863 32194 49050 2764 23496 48832 42960 147456
