CCCCCCCCC 1 10 45 120 360 210 840 1260 252 1260 2520 2520 7560 210 1260 3150 4200 12600 3150 12600 18900 120 840 2520 4200 12600 4200 16800 25200 2520 12600 25200 25200 75600 45 360 1260 2520 7560 3150 12600 18900 2520 12600 25200 25200 75600 1260 7560 18900 25200 75600 18900 75600 113400
CCCCCCCIC 1 11 53 148 445 266 1071 1610 322 1631 3283 3283 9870 266 1631 4130 5530 16625 4130 16625 24990 148 1071 3283 5530 16625 5530 22260 33460 3283 16625 33460 33460 100590 53 445 1610 3283 9870 4130 16625 24990 3283 16625 33460 33460 100590 1610 9870 24990 33460 100590 24990 100590 151200
CCCCCCICC 1 12 60 169 510 301 1224 1845 357 1842 3735 3729 11250 287 1812 4650 6235 18810 4620 18780 28305 155 1170 3660 6195 18690 6155 25020 37710 3600 18570 37650 37590 113400 54 480 1785 3669 11070 4590 18660 28125 3594 18540 37590 37530 113220 1725 10890 27945 37470 113040 27765 112860 170100
CCCCCICCC 1 13 66 184 558 321 1322 1998 372 1963 4006 3984 12078 293 1913 4960 6630 20100 4860 20010 30240 156 1232 3906 6590 19980 6470 26640 40260 3726 19660 40120 39900 120960 54 508 1918 3924 11898 4840 19930 30120 3724 19650 40100 39880 120900 1758 11478 29760 39780 120600 29160 120060 181440
CCCCCICIC 1 15 81 233 709 412 1712 2594 477 2560 5261 5228 15894 370 2485 6530 8755 26615 6380 26480 40110 191 1577 5111 8695 26435 8515 35340 53530 4841 25955 53320 52990 161070 63 634 2474 5138 15624 6350 26360 39930 4838 25940 53290 52960 160980 2234 14994 39390 52810 160530 38490 159720 241920
CCCCICCCC 1 14 71 194 592 331 1384 2096 377 2040 4180 4130 12600 294 1988 5180 6870 20960 4975 20800 31500 156 1288 4102 6850 20900 6630 27720 41980 3770 20400 41800 41300 126000 54 536 2030 4098 12504 4970 20780 31470 3770 20400 41800 41300 126000 1764 11928 31080 41220 125760 29850 124800 189000
CCCCICCIC 1 16 86 243 744 422 1780 2702 482 2652 5470 5400 16520 371 2580 6810 9059 27712 6523 27488 41720 191 1648 5362 9031 27628 8723 36756 55786 4898 26928 55534 54834 167720 63 668 2612 5356 16388 6516 27460 41678 4898 26928 55534 54834 167720 2242 15584 41132 54722 167384 39410 166040 252000
CCCCICICC 1 18 99 279 858 477 2036 3099 532 2994 6219 6123 18810 398 2872 7674 10201 31338 7275 31020 47205 199 1814 6006 10125 31110 9689 41316 62874 5350 30090 62490 61530 189000 64 732 2925 6007 18462 7236 30864 46971 5344 30060 62430 61470 188820 2391 17250 46089 61266 188208 43695 186300 283500
CCCICCCCC 1 15 75 200 615 335 1425 2160 378 2100 4305 4215 12960 294 2058 5355 7020 21585 5025 21375 32400 156 1344 4263 7015 21570 6700 28500 43200 3780 21000 43050 42150 129600 54 564 2121 4206 12933 5025 21375 32400 3780 21000 43050 42150 129600 1764 12348 32130 42120 129510 30150 128250 194400
CCCICCCIC 1 17 90 249 768 426 1827 2775 483 2727 5625 5503 16965 371 2670 7035 9251 28518 6586 28233 42885 191 1719 5568 9244 28497 8814 37782 57390 4911 27720 57186 55957 172485 63 702 2724 5491 16929 6586 28233 42885 4911 27720 57186 55957 172485 2242 16134 42516 55916 172362 39810 170640 259200
CCCICCICC 1 19 103 285 883 481 2088 3180 533 3079 6396 6241 19320 398 2972 7927 10420 32256 7348 31873 48540 199 1890 6229 10359 32071 9791 42471 64680 5365 30980 64355 62805 194400 64 767 3041 6148 19038 7310 31715 48300 5358 30942 64276 62726 194160 2391 17853 47619 62598 193773 44145 191475 291600
CCCICICCC 1 21 114 310 966 511 2252 3438 553 3283 6856 6654 20718 405 3152 8470 11070 34470 7710 33960 51840 200 2009 6675 11020 34320 10270 45240 69060 5536 32860 68620 66600 207360 64 823 3286 6577 20487 7690 33880 51720 5534 32850 68600 66580 207300 2430 18912 50820 66420 206820 46260 203760 311040
CCCICICIC 1 25 142 395 1236 657 2927 4479 708 4292 9022 8741 27309 509 4106 11172 14624 45687 10111 44973 68805 243 2585 8761 14550 45465 13499 60042 91860 7169 43410 91236 88417 276165 74 1038 4263 8628 26970 10081 44853 68625 7166 43395 91206 88387 276075 3070 24750 67338 88154 275376 60960 271080 414720
CCICCCCCC 1 16 78 203 630 336 1456 2205 378 2156 4403 4263 13230 294 2128 5495 7105 22050 5040 21840 33075 156 1400 4389 7105 22050 6720 29120 44100 3780 21560 44030 42630 132300 54 592 2191 4263 13230 5040 21840 33075 3780 21560 44030 42630 132300 1764 12768 32970 42630 132300 30240 131040 198450
CCICCCCIC 1 18 93 252 784 427 1864 2828 483 2798 5748 5562 17304 371 2760 7215 9360 29120 6605 28840 43764 191 1790 5729 9360 29120 8840 38600 58576 4911 28460 58482 56592 176064 63 736 2810 5562 17304 6605 28840 43764 4911 28460 58482 56592 176064 2242 16684 43622 56592 176064 39930 174360 264600
CCICCCICC 1 20 106 288 900 482 2130 3240 533 3160 6537 6309 19710 398 3072 8129 10544 32940 7370 32566 49545 199 1966 6403 10486 32760 9820 43392 66015 5365 31810 65815 63525 198450 64 802 3130 6222 19440 7330 32390 49275 5358 31768 65726 63438 198180 2391 18456 48840 63351 197910 44280 195660 297675
CCICCICCC 1 22 117 313 984 512 2298 3504 553 3370 7009 6729 21144 405 3256 8682 11202 35200 7734 34704 52920 200 2086 6852 11150 35040 10300 46220 70480 5536 33736 70168 67368 211680 64 858 3375 6651 20904 7710 34600 52760 5534 33724 70142 67342 211600 2430 19536 52092 67212 211200 46404 208224 317520
CCICCICIC 1 26 145 398 1256 658 2984 4560 708 4404 9218 8836 27856 509 4240 11446 14795 46640 10142 45952 70224 243 2682 8986 14717 46400 13538 61338 93736 7169 44568 93286 89436 281904 74 1080 4371 8719 27496 10106 45796 69984 7166 44550 93247 89397 281784 3070 25564 69008 89202 281184 61152 277032 423360
CCICICCCC 1 24 126 329 1042 526 2404 3671 559 3510 7315 6965 22050 406 3402 9080 11595 36710 7900 36100 55125 200 2198 7209 11575 36650 10530 48120 73480 5590 35100 73150 69650 220500 64 914 3578 6933 21954 7895 36080 55095 5590 35100 73150 69650 220500 2436 20412 54480 69570 220260 47400 216600 330750
CCICICCIC 1 28 154 414 1316 672 3102 4746 714 4574 9589 9116 28952 510 4426 11954 15294 48572 10349 47742 73052 243 2824 9443 15266 48488 13837 63832 97674 7239 46364 97219 92444 293552 74 1148 4621 9072 28820 10342 47714 73010 7239 46364 97219 92444 293552 3078 26712 72158 92332 293216 62480 288200 441000
CCICICICC 1 32 178 475 1518 757 3546 5439 784 5166 10898 10320 32940 544 4942 13483 17205 54918 11510 53866 82620 252 3130 10604 17111 54630 15334 71768 110079 7875 51870 109425 103635 330750 75 1272 5195 10177 32502 11461 53654 82296 7868 51828 109336 103548 330480 3267 29676 80964 103317 329778 69120 323460 496125
CICCCCCCC 1 17 80 204 640 336 1484 2240 378 2212 4480 4284 13440 294 2198 5600 7140 22400 5040 22260 33600 156 1456 4480 7140 22400 6720 29680 44800 3780 22120 44800 42840 134400 54 620 2240 4284 13440 5040 22260 33600 3780 22120 44800 42840 134400 1764 13188 33600 42840 134400 30240 133560 201600
CICCCCCIC 1 19 95 253 795 427 1898 2870 483 2869 5845 5588 17570 371 2850 7350 9405 29575 6605 29390 44450 191 1861 5845 9405 29575 8840 39340 59500 4911 29200 59500 56870 178850 63 770 2870 5588 17570 6605 29390 44450 4911 29200 59500 56870 178850 2242 17234 44450 56870 178850 39930 177720 268800
CICCCCICC 1 21 108 289 912 482 2169 3288 533 3241 6648 6339 20016 398 3172 8280 10595 33456 7370 33193 50328 199 2042 6528 10535 33264 9820 44226 67056 5365 32640 66960 63840 201600 64 837 3192 6249 19728 7330 33005 50040 5358 32594 66864 63750 201312 2391 19059 49752 63660 201024 44280 199440 302400
CICCCICCC 1 23 119 314 997 512 2341 3557 553 3457 7129 6762 21477 405 3360 8840 11256 35750 7734 35376 53760 200 2163 6979 11200 35570 10300 47110 71590 5536 34612 71380 67704 215040 64 893 3437 6678 21207 7710 35260 53580 5534 34598 71350 67676 214950 2430 20160 53040 67536 214500 46404 212256 322560
CICCCICIC 1 27 147 399 1271 658 3038 4626 708 4516 9372 8878 28286 509 4374 11650 14865 47360 10142 46838 71330 243 2779 9147 14781 47090 13538 62517 95205 7169 45726 94890 89882 286370 74 1122 4446 8752 27881 10106 46664 71060 7166 45705 94845 89840 286235 3070 26378 70250 89630 285560 61152 282408 430080
CICCICCCC 1 25 128 330 1056 526 2450 3728 559 3600 7440 7000 22400 406 3507 9240 11650 37280 7900 36800 56000 200 2275 7336 11625 37200 10530 49050 74640 5590 36000 74400 70000 224000 64 949 3640 6960 22272 7895 36775 55960 5590 36000 74400 70000 224000 2436 21042 55440 69900 223680 47400 220800 336000
CICCICCIC 1 29 156 415 1332 672 3159 4816 714 4689 9748 9160 29400 510 4561 12160 15365 49316 10349 48662 74200 243 2921 9604 15330 49204 13837 65063 99208 7239 47553 98872 92908 298200 74 1190 4696 9105 29224 10342 48627 74144 7239 47553 98872 92908 298200 3078 27534 73416 92768 297752 62480 293800 448000
CICCICICC 1 33 180 476 1536 757 3612 5520 784 5297 11080 10371 33456 544 5091 13712 17285 55760 11510 54913 83928 252 3233 10776 17180 55424 15334 73156 111808 7875 53200 111280 104160 336000 75 1315 5272 10211 32944 11461 54680 83568 7868 53154 111184 104070 335712 3267 30573 82344 103800 334848 69120 329760 504000
CICICCCCC 1 27 135 339 1095 531 2524 3840 560 3717 7665 7134 23040 406 3647 9555 11885 38385 7965 37860 57600 200 2387 7623 11880 38370 10620 50480 76800 5600 37170 76650 71340 230400 64 1005 3801 7125 23013 7965 37860 57600 5600 37170 76650 71340 230400 2436 21882 57330 71310 230310 47790 227160 345600
CICICCCIC 1 31 163 424 1373 677 3245 4945 715 4836 10028 9323 30195 510 4741 12565 15666 50743 10431 50039 76275 243 3063 9971 15659 50722 13954 66946 102050 7252 49098 101846 94679 306675 74 1258 4894 9311 30159 10431 50039 76275 7252 49098 101846 94679 306675 3078 28634 75906 94638 306552 63000 302280 460800
CICICCICC 1 35 187 485 1579 762 3708 5664 785 5464 11400 10558 34368 544 5291 14167 17628 57384 11605 56488 86304 252 3385 11173 17541 57103 15465 75276 115008 7890 54935 114635 106170 345600 75 1385 5477 10426 33942 11555 56240 85920 7882 54876 114508 106052 345216 3267 31779 85095 105885 344685 69705 339300 518400
CICICICCC 1 39 207 526 1725 806 3997 6117 811 5835 12219 11238 36837 552 5634 15150 18706 61320 12144 60216 92160 253 3620 11988 18640 61110 16180 80230 122790 8116 58392 122280 112464 368640 75 1497 5925 11137 36516 12120 60100 91980 8114 58378 122250 112436 368550 3312 33804 90900 112236 367920 72864 361296 552960
CICICICIC 1 47 259 672 2213 1037 5205 7981 1036 7642 16094 14767 48591 690 7358 20002 24709 81307 15903 79787 122355 305 4678 15758 24611 80995 21232 106523 163355 10470 77214 162626 149231 490995 86 1901 7705 14618 48117 15867 79613 122085 10467 77193 162581 149189 490860 4158 44336 120528 148896 489936 95832 480768 737280
ICCCCCCCC 1 18 81 204 648 336 1512 2268 378 2268 4536 4284 13608 294 2268 5670 7140 22680 5040 22680 34020 156 1512 4536 7140 22680 6720 30240 45360 3780 22680 45360 42840 136080 54 648 2268 4284 13608 5040 22680 34020 3780 22680 45360 42840 136080 1764 13608 34020 42840 136080 30240 136080 204120
ICCCCCCIC 1 20 96 253 804 427 1932 2904 483 2940 5916 5588 17784 371 2940 7440 9405 29940 6605 29940 45000 191 1932 5916 9405 29940 8840 40080 60240 4911 29940 60240 56870 181080 63 804 2904 5588 17784 6605 29940 45000 4911 29940 60240 56870 181080 2242 17784 45000 56870 181080 39930 181080 272160
ICCCCCICC 1 22 109 289 922 482 2208 3327 533 3322 6729 6339 20262 398 3272 8380 10595 33870 7370 33820 50955 199 2118 6604 10535 33670 9820 45060 67890 5365 33470 67790 63840 204120 64 872 3227 6249 19962 7330 33620 50655 5358 33420 67690 63750 203820 2391 19662 50355 63660 203520 44280 203220 306180
ICCCCICCC 1 24 120 314 1008 512 2384 3600 553 3544 7216 6762 21744 405 3464 8944 11256 36192 7734 36048 54432 200 2240 7056 11200 36000 10300 48000 72480 5536 35488 72256 67704 217728 64 928 3472 6678 21456 7710 35920 54240 5534 35472 72224 67676 217632 2430 20784 53664 67536 217152 46404 216288 326592
ICCCCICIC 1 28 148 399 1284 658 3092 4680 708 4628 9484 8878 28632 509 4508 11784 14865 47940 10142 47724 72216 243 2876 9244 14781 47652 13538 63696 96384 7169 46884 96048 89882 289944 74 1164 4488 8752 28200 10106 47532 71928 7166 46860 96000 89840 289800 3070 27192 71064 89630 289080 61152 287784 435456
ICCCICCCC 1 26 129 330 1068 526 2496 3774 559 3690 7530 7000 22680 406 3612 9345 11650 37740 7900 37500 56700 200 2352 7413 11625 37650 10530 49980 75570 5590 36900 75300 70000 226800 64 984 3675 6960 22536 7895 37470 56655 5590 36900 75300 70000 226800 2436 21672 56070 69900 226440 47400 225000 340200
ICCCICCIC 1 30 157 415 1346 672 3216 4873 714 4804 9863 9160 29760 510 4696 12295 15365 49918 10349 49582 75120 243 3018 9701 15330 49792 13837 66294 100439 7239 48742 100061 92908 301920 74 1232 4738 9105 29562 10342 49540 75057 7239 48742 100061 92908 301920 3078 28356 74238 92768 301416 62480 299400 453600
ICCCICICC 1 34 181 476 1552 757 3678 5586 784 5428 11211 10371 33870 544 5240 13861 17285 56442 11510 55960 84975 252 3336 10879 17180 56080 15334 74544 113196 7875 54530 112610 104160 340200 75 1358 5315 10211 33318 11461 55706 84594 7868 54480 112510 104070 339900 3267 31470 83241 103800 338952 69120 336060 510300
ICCICCCCC 1 28 136 339 1108 531 2572 3888 560 3808 7756 7134 23328 406 3752 9660 11885 38860 7965 38580 58320 200 2464 7700 11880 38840 10620 51440 77760 5600 38080 77560 71340 233280 64 1040 3836 7125 23292 7965 38580 58320 5600 38080 77560 71340 233280 2436 22512 57960 71310 233160 47790 231480 349920
ICCICCCIC 1 32 164 424 1388 677 3304 5004 715 4952 10144 9323 30564 510 4876 12700 15666 51364 10431 50984 77220 243 3160 10068 15659 51336 13954 68216 103320 7252 50300 103048 94679 310500 74 1300 4936 9311 30516 10431 50984 77220 7252 50300 103048 94679 310500 3078 29456 76728 94638 310336 63000 308040 466560
ICCICCICC 1 36 188 485 1596 762 3776 5732 785 5596 11532 10558 34792 544 5440 14316 17628 58088 11605 57564 87380 252 3488 11276 17541 57788 15465 76708 116440 7890 56280 115980 106170 349920 75 1428 5520 10426 34336 11555 57300 86980 7882 56216 115848 106052 349520 3267 32676 85992 105885 348924 69705 345780 524880
ICCICICCC 1 40 208 526 1744 806 4072 6192 811 5976 12360 11238 37296 552 5788 15304 18706 62072 12144 61368 93312 253 3724 12092 18640 61840 16180 81760 124320 8116 59808 123696 112464 373248 75 1540 5968 11137 36940 12120 61240 93120 8114 59792 123664 112436 373152 3312 34728 91824 112236 372432 72864 368208 559872
ICCICICIC 1 48 260 672 2236 1037 5300 8076 1036 7824 16276 14767 49188 690 7556 20200 24709 82296 15903 81308 123876 305 4808 15888 24611 81952 21232 108552 165384 10470 79084 164496 149231 497124 86 1952 7756 14618 48664 15867 81116 123588 10467 79060 164448 149189 496980 4158 45536 121728 148896 495928 95832 489984 746496
ICICCCCCC 1 30 141 343 1134 532 2632 3969 560 3920 7931 7203 23814 406 3892 9905 12005 39690 7980 39480 59535 200 2576 7917 12005 39690 10640 52640 79380 5600 39200 79310 72030 238140 64 1096 3955 7203 23814 7980 39480 59535 5600 39200 79310 72030 238140 2436 23352 59430 72030 238140 47880 236880 357210
ICICCCCIC 1 34 169 428 1416 678 3376 5100 715 5094 10364 9408 31176 510 5056 13015 15820 52440 10450 52160 78804 243 3302 10345 15820 52440 13980 69800 105456 7252 51780 105362 95592 316944 74 1368 5082 9408 31176 10450 52160 78804 7252 51780 105362 95592 316944 3078 30556 78662 95592 316944 63120 315240 476280
ICICCCICC 1 38 193 489 1626 763 3858 5841 785 5758 11784 10656 35496 544 5640 14669 17803 59310 11627 58906 89190 252 3640 11575 17717 59010 15494 78492 118845 7890 57940 118585 107205 357210 75 1498 5671 10527 35046 11575 58610 88740 7882 57868 118436 107076 356760 3267 33882 88125 106947 356310 69840 353880 535815
ICICCICCC 1 42 213 530 1776 807 4162 6312 811 6150 12633 11346 38064 552 5996 15674 18892 63376 12168 62808 95256 253 3878 12396 18820 63120 16210 83660 126880 8116 61560 126456 113568 381024 75 1610 6119 11238 37680 12140 62640 95000 8114 61540 126414 113532 380896 3312 35976 94044 113352 380256 73008 376848 571536
ICICCICIC 1 50 265 676 2272 1038 5412 8224 1036 8048 16626 14904 50176 690 7824 20678 24950 84000 15934 83204 126432 305 5002 16274 24842 83616 21271 111066 168768 10470 81400 168150 150696 507456 86 2036 7939 14742 49600 15892 82952 126048 10467 81370 168087 150642 507264 4158 47164 124640 150372 506304 96024 501504 762048
ICICICCCC 1 46 229 555 1878 826 4356 6609 818 6420 13185 11725 39690 553 6286 16395 19525 66090 12400 65400 99225 253 4102 13040 19500 66000 16530 87180 132270 8180 64200 131850 117250 396900 75 1722 6483 11685 39546 12395 65370 99180 8180 64200 131850 117250 396900 3318 37716 98370 117150 396540 74400 392400 595350
ICICICCIC 1 54 281 701 2378 1057 5630 8557 1043 8378 17298 15356 52152 691 8194 21599 25755 87478 16224 86536 131532 305 5286 17098 25720 87352 21687 115690 175847 10553 84878 175266 155552 528432 86 2172 8387 15301 51954 16217 86494 131469 10553 84878 175266 155552 528432 4166 49444 130344 155412 527928 97880 522240 793800
ICICICICC 1 62 325 803 2742 1186 6436 9801 1139 9474 19655 17355 59310 733 9174 24370 28938 98892 17987 97666 148725 315 5882 19217 28807 98430 23968 130136 198171 11430 95100 197295 174195 595350 87 2418 9440 17156 58608 17926 97316 148194 11422 95028 197146 174066 594900 4401 55086 146331 173757 593802 108000 586440 893025
