J(IC,ICCCCCC) 1 18 109 344 1054 679 2884 4375 910 5068 10409 10199 31360 854 6020 15729 20664 63574 14784 63014 95550 562 4900 15673 25935 79800 24815 105840 160475 13958 77980 160055 156625 482160 254 2696 10297 20650 63518 24815 105840 160475 18662 104300 214060 209440 644840 8645 61082 159495 209370 644560 149730 638960 968730 75 958 4299 10185 31304 14784 63014 95550 13958 77980 160055 156625 482160 8645 61082 159495 209370 644560 149730 638960 968730 3390 29596 94626 156520 481740 149730 638960 968730 84210 470820 966210 945210 2910600
J(IC,ICCCCIC) 1 20 128 421 1292 855 3648 5540 1161 6532 13468 13190 40624 1086 7804 20568 27082 83464 19306 82720 125608 701 6308 20492 34139 105228 32633 139936 212484 18192 102788 211924 207304 639296 306 3404 13320 27063 83388 32633 139936 212484 24386 137856 284224 277988 857408 11112 80116 211164 277894 857032 197974 849472 1289848 86 1172 5444 13172 40552 19306 82720 125608 18192 102788 211924 207304 639296 11112 80116 211164 277894 857032 197974 849472 1289848 4246 38280 124368 207162 638728 197974 849472 1289848 110320 623960 1286440 1258040 3880800
J(IC,ICCCICC) 1 22 145 481 1480 971 4176 6354 1296 7412 15366 15026 46410 1183 8738 23264 30652 94740 21705 93786 142695 743 6962 22965 38384 118658 36488 157802 240087 20083 115394 239225 233633 722610 316 3712 14822 30288 93598 36361 157252 239244 26835 154270 319803 312271 966000 12004 88972 236870 311890 964726 220691 955092 1453095 87 1270 6044 14735 45496 21515 92964 141435 20017 115006 238399 232815 720090 11995 88902 236672 311620 963896 220501 954270 1451835 4481 42066 138747 231832 716910 220311 953448 1450575 121215 697230 1445355 1411095 4365900
J(IC,ICCICCC) 1 24 160 526 1624 1042 4528 6904 1360 7936 16536 16120 49984 1216 9268 24872 32688 101440 22940 100216 152784 752 7356 24508 40856 126816 38466 168216 256440 20888 122512 255216 248400 771456 317 3932 15872 32317 100276 38370 167800 255800 27904 163760 341120 331936 1031104 12295 94060 252344 331326 1029112 232316 1016752 1549968 87 1356 6524 15821 49044 22796 99592 151824 20856 122320 254800 247984 770176 12293 94044 252296 331258 1028904 232268 1016544 1549648 4532 44424 147968 246548 765584 232028 1015504 1548048 125952 739632 1540656 1498896 4656960
J(IC,ICCICIC) 1 28 196 663 2052 1334 5836 8912 1746 10332 21628 21062 65456 1545 12076 32712 43055 133916 30064 132232 201920 933 9508 32180 53927 167772 50628 222916 340384 27195 161788 338660 329304 1025024 379 5000 20664 42502 132184 50484 222292 339424 36388 216616 453408 440788 1372320 15737 123488 334488 439891 1369404 306880 1352264 2064832 99 1684 8368 20618 64064 29848 131296 200480 27147 161500 338036 328680 1023104 15734 123464 334416 439789 1369092 306808 1351952 2064352 5640 57600 194936 326552 1016320 306448 1350392 2061952 164536 980096 2051488 1994048 6209280
J(IC,ICICCCC) 1 26 173 558 1730 1081 4756 7265 1385 8266 17283 16763 52240 1224 9640 25970 33920 105810 23560 104290 159250 753 7686 25684 42465 132500 39505 175080 267325 21201 127250 265895 257375 803600 317 4142 16743 33723 105178 39475 174950 267125 28334 170180 355570 344090 1074600 12369 97822 263360 343550 1072800 238390 1057480 1614550 87 1442 6936 16593 51692 23512 104082 158930 21196 127220 265830 257310 803400 12369 97822 263360 343550 1072800 238390 1057480 1614550 4538 46428 155078 256240 799900 238270 1056960 1613750 127830 768300 1605150 1552950 4851000
J(IC,ICICCIC) 1 30 209 695 2160 1373 6080 9300 1771 10714 22496 21795 68072 1553 12538 34077 44570 139340 30808 137280 209944 934 9928 33684 55987 175080 51952 231782 354452 27587 167918 352498 340892 1066688 379 5262 21764 44298 138468 51910 231600 354172 36947 225058 472433 456775 1429624 15833 128422 348993 456026 1427132 314896 1406184 2150344 99 1786 8865 21565 67332 30742 136994 209504 27580 167876 352407 340801 1066408 15833 128422 348993 456026 1427132 314896 1406184 2150344 5648 60192 204216 339312 1061544 314728 1405456 2149224 167040 1018240 2137400 2066120 6468000
J(IC,ICICICC) 1 34 241 800 2494 1560 6974 10689 1970 12156 25660 24804 77730 1683 14054 38552 50380 158050 34545 155480 238245 985 11014 37857 62951 197558 57967 261266 400322 30344 188484 397726 383658 1204770 390 5804 24388 49695 155900 57786 260482 399119 40533 251994 531709 512753 1610600 17031 142930 391928 511540 1606646 350333 1580636 2421825 100 1972 9958 24246 75976 34271 154294 236425 30269 188042 396783 382723 1201890 17022 142860 391730 511270 1605816 350143 1579814 2420565 5935 66550 228677 380024 1193250 349737 1578056 2417865 182985 1138530 2402205 2315985 7276500
J(CIC,CICCCC) 1 16 98 323 980 661 2736 4140 903 4826 9888 9818 29840 853 5692 14875 19880 60440 14490 60120 91000 562 4578 14701 24865 75600 24305 100880 152700 13863 74250 152170 151000 459200 254 2486 9568 19711 59920 24275 100750 152500 18532 99280 203470 201890 614000 8635 57712 150835 201500 612800 146790 609480 922600 75 872 3955 9675 29400 14442 59912 90680 13858 74220 152105 150935 459000 8635 57712 150835 201500 612800 146790 609480 922600 3390 27640 88760 150090 456400 146670 608960 921800 83640 448200 918600 911400 2772000
J(CIC,CICCIC) 1 18 117 400 1216 837 3484 5280 1154 6238 12840 12742 38800 1085 7386 19485 26099 79496 18946 79048 119840 701 5896 19244 32763 99800 31979 133474 202360 18072 97910 201618 199980 609280 306 3142 12400 25865 78776 31937 133292 202080 24217 131234 270249 268037 816680 11099 75690 199749 267491 815000 194086 810352 1228640 86 1070 5029 12547 38200 18880 78762 119400 18065 97868 201527 199889 609000 11099 75690 199749 267491 815000 194086 810352 1228640 4246 35752 116720 198706 605360 193918 809624 1227520 109560 593880 1223040 1212960 3696000
J(CIC,CICICC) 1 20 134 460 1402 953 3998 6071 1289 7080 14654 14520 44340 1182 8268 22036 29528 90206 21291 89578 136080 743 6512 21586 36843 112568 35744 150468 228593 19944 109866 227503 225261 688380 316 3436 13842 28996 88582 35599 149862 227671 26646 146844 304092 301064 920120 11989 84062 224118 300178 917404 216281 910872 1383900 87 1166 5618 14089 43024 21071 88658 134680 19883 109540 226830 224588 686340 11981 84010 223982 299994 916848 216145 910316 1383060 4481 39332 130400 222511 679980 215793 908824 1380780 120360 663540 1374180 1360380 4158000
J(CIC,ICCCCC) 1 17 104 336 1024 674 2824 4280 909 4958 10184 10054 30720 854 5859 15344 20356 62224 14694 61754 93600 562 4739 15232 25515 78000 24660 103690 157160 13943 76250 156600 154450 472320 254 2591 9968 20286 62000 24655 103665 157120 18642 101980 209440 206540 631680 8645 59427 155600 206290 630880 148830 626090 948960 75 915 4144 9989 30512 14685 61709 93528 13943 76250 156600 154450 472320 8645 59427 155600 206290 630880 148830 626090 948960 3390 28618 91968 154000 470880 148800 625940 948720 84120 460320 945360 932160 2851200
J(CIC,ICCCIC) 1 19 123 413 1261 850 3580 5433 1160 6396 13193 13017 39845 1086 7598 20078 26694 81746 19195 81109 123120 701 6102 19926 33599 102900 32434 137127 208158 18173 100519 207398 204465 626400 306 3273 12905 26599 81442 32427 137092 208102 24360 134792 278122 274162 840010 11112 77942 206030 273822 838922 196783 832381 1263600 86 1121 5257 12932 39573 19183 81049 123024 18173 100519 207398 204465 626400 11112 77942 206030 273822 838922 196783 832381 1263600 4246 37016 120904 203850 624432 196742 832176 1263272 110200 610000 1258680 1240640 3801600
J(CIC,ICCICC) 1 21 140 473 1448 966 4101 6236 1295 7257 15052 14829 45520 1183 8506 22708 30208 92776 21577 91939 139840 743 6737 22340 37780 116048 36262 154617 235180 20061 112827 234084 230391 707920 316 3574 14380 29788 91480 36136 154083 234364 26806 150834 312944 307962 946400 12004 86562 231140 307310 944352 219341 935787 1423440 87 1218 5852 14487 44464 21387 91133 138608 19997 112475 233348 229655 705680 11995 86498 230964 307068 943616 219165 935051 1422320 4481 40699 134968 228184 701088 218940 934070 1420808 121080 681600 1414200 1391520 4276800
J(CIC,ICICCC) 1 23 155 518 1591 1037 4447 6776 1359 7768 16193 15903 49008 1216 9023 24279 32208 99321 22799 98215 149688 752 7125 23861 40224 124066 38226 164816 251200 20864 119782 249726 244920 755712 317 3793 15425 31809 98087 38140 164450 250640 27874 160120 333830 327346 1010208 12295 91544 246324 326478 1007490 230876 996160 1518336 87 1304 6332 15573 47986 22668 97656 148832 20836 119630 249410 244604 754752 12293 91530 246286 326426 1007332 230838 996002 1518096 4532 43024 144072 242756 748992 230588 994912 1516416 125808 723072 1507536 1478016 4561920
J(CIC,ICICIC) 1 27 191 655 2017 1329 5740 8761 1745 10119 21196 20793 64229 1545 11760 31948 42439 131177 29885 129633 197904 933 9213 31349 53111 164199 50317 218447 333502 27164 158192 331427 324725 1004256 379 4828 20104 41858 129382 50189 217903 332670 36349 211804 443763 434717 1344634 15737 120188 326556 433475 1340749 304969 1324877 2022768 99 1623 8139 20318 62760 29691 128807 196640 27122 157964 330953 324251 1002816 15734 120167 326499 433397 1340512 304912 1324640 2022408 5640 55800 189880 321584 994512 304544 1323040 2019944 164344 958096 2007408 1966208 6082560
J(ICC,ICCCCC) 1 18 117 384 1170 765 3228 4905 1014 5622 11619 11457 35100 931 6552 17352 23054 70650 16530 70038 106380 597 5208 17046 28705 87930 27595 116940 177615 15399 85590 176805 174165 534060 263 2796 11052 22709 69498 27490 116430 176850 20523 114060 235620 232110 711720 9350 65880 174420 231640 710100 166050 703980 1069200 76 972 4572 11172 34146 16371 69264 105219 15345 85230 176085 173505 531900 9342 65808 174240 231420 709380 165900 703260 1068120 3585 31284 102384 172395 528120 165720 702360 1066770 92475 514080 1061910 1045980 3207600
J(ICC,ICCCIC) 1 20 138 472 1440 966 4094 6228 1295 7256 15057 14840 45540 1183 8496 22707 30237 92826 21598 92004 139950 743 6700 22293 37800 115992 36295 154652 235251 20064 112830 234162 230572 708300 316 3526 14301 29777 91278 36159 153972 234225 26809 150754 312885 308104 946440 12004 86382 230940 307475 944262 219537 935934 1423710 87 1188 5796 14466 44280 21393 90978 138402 19998 112362 233208 229700 705420 11995 86292 230706 307186 943308 219344 934980 1422270 4481 40434 134577 228213 700326 219110 933780 1420461 121095 681210 1413855 1392120 4276800
J(ICC,ICCICC) 1 22 157 541 1654 1098 4690 7149 1444 8230 17176 16903 52020 1286 9506 25677 34213 105340 24268 104274 158940 786 7392 24992 42508 130814 40571 174372 265788 22129 126628 264283 259789 800460 326 3846 15934 33357 102534 40298 173062 263793 29483 168686 352061 346088 1066320 12950 95910 259080 345085 1062930 244665 1052190 1603800 88 1288 6449 16211 49750 23857 102300 155934 21995 125720 262385 258005 794700 12932 95740 258618 344494 1061024 244268 1050300 1600920 4722 44430 150219 255486 786294 243822 1048116 1597599 132975 761130 1588545 1561410 4811400
J(ICC,ICICCC) 1 24 174 593 1818 1178 5084 7767 1513 8806 18475 18123 55998 1320 10082 27454 36477 112770 25632 111384 170127 795 7816 26697 45266 139860 42760 185872 283896 22996 134428 281944 276156 854496 327 4078 17093 35632 109944 42530 184700 282114 30636 179060 375556 367866 1138212 13251 101418 276102 366624 1134000 257490 1120068 1710720 88 1376 6978 17435 53694 25285 109614 167436 22900 133700 280440 274800 849960 13240 101292 275772 366230 1132668 257240 1118752 1708722 4773 46950 160353 271848 840024 256770 1116372 1705104 138078 807408 1693386 1658448 5132160
J(ICC,ICICIC) 1 28 214 750 2304 1511 6564 10044 1943 11474 24188 23702 73404 1675 13138 36127 48069 148950 33600 147028 224946 984 10098 35068 59771 185094 56283 246356 376911 29924 177528 374190 366142 1135548 390 5182 22269 46894 145008 55970 244734 374436 39932 236848 499227 488527 1515006 16937 133116 366021 486787 1509102 340092 1489668 2279070 100 1708 8964 22753 70218 33129 144586 221220 29800 176544 372132 364292 1129320 16924 132952 365580 486259 1507302 339764 1487892 2276361 5927 60846 211311 360153 1115370 339113 1484562 2271285 180279 1069794 2254878 2206224 6842880
J(CCIC,CCICC) 1 14 83 278 838 590 2396 3611 839 4328 8781 8773 26460 820 5188 13349 17936 54102 13297 54050 81480 553 4196 13207 22466 67768 22375 90964 137133 13071 67496 136997 136861 412860 253 2268 8529 17703 53398 22284 90592 136571 17470 90220 183126 182942 551880 8345 52842 136015 182758 551324 135459 550768 830340 75 786 3475 8589 25904 13161 53494 80640 13019 67224 136441 136305 411180 8337 52790 135879 182574 550768 135323 550212 829500 3339 25348 79800 135749 409500 135187 549656 828660 78960 407820 827820 826980 2494800
J(CCIC,CICCC) 1 15 91 304 919 635 2601 3928 884 4636 9457 9427 28528 846 5492 14263 19144 57945 14083 57779 87288 561 4410 14061 23914 72386 23626 96956 146480 13631 71602 146126 145620 440832 254 2381 9097 18880 57143 23550 96640 146000 18212 95680 195270 194586 589088 8571 55709 144724 194218 587970 142816 586220 885696 75 829 3732 9217 27890 13969 57305 86568 13603 71450 145810 145304 439872 8569 55695 144686 194166 587812 142778 586062 885456 3384 26620 84888 144356 436992 142588 585272 884256 82248 432192 882096 878976 2661120
J(CCIC,CICIC) 1 17 110 381 1154 811 3341 5054 1135 6022 12345 12300 37294 1078 7141 18730 25199 76419 18460 76170 115264 700 5683 18427 31547 95675 31115 128420 194340 17782 94499 193809 193050 585536 306 3011 11805 24803 75216 31001 127946 193620 23801 126506 259461 258435 783884 11016 73065 191706 257883 782207 188844 779582 1179808 86 1019 4760 11985 36337 18289 75459 114184 17740 94271 193335 192576 584096 11013 73044 191649 257805 781970 188787 779345 1179448 4238 34432 111664 191154 579776 188502 778160 1177648 107704 572576 1174408 1169728 3548160
J(CCIC,ICCCC) 1 16 98 323 980 661 2736 4140 903 4826 9888 9818 29840 853 5692 14875 19880 60440 14490 60120 91000 562 4578 14701 24865 75600 24305 100880 152700 13863 74250 152170 151000 459200 254 2486 9568 19711 59920 24275 100750 152500 18532 99280 203470 201890 614000 8635 57712 150835 201500 612800 146790 609480 922600 75 872 3955 9675 29400 14442 59912 90680 13858 74220 152105 150935 459000 8635 57712 150835 201500 612800 146790 609480 922600 3390 27640 88760 150090 456400 146670 608960 921800 83640 448200 918600 911400 2772000
J(CCIC,ICCIC) 1 18 117 400 1216 837 3484 5280 1154 6238 12840 12742 38800 1085 7386 19485 26099 79496 18946 79048 119840 701 5896 19244 32763 99800 31979 133474 202360 18072 97910 201618 199980 609280 306 3142 12400 25865 78776 31937 133292 202080 24217 131234 270249 268037 816680 11099 75690 199749 267491 815000 194086 810352 1228640 86 1070 5029 12547 38200 18880 78762 119400 18065 97868 201527 199889 609000 11099 75690 199749 267491 815000 194086 810352 1228640 4246 35752 116720 198706 605360 193918 809624 1227520 109560 593880 1223040 1212960 3696000
J(CCIC,ICICC) 1 20 134 460 1402 953 3998 6071 1289 7080 14654 14520 44340 1182 8268 22036 29528 90206 21291 89578 136080 743 6512 21586 36843 112568 35744 150468 228593 19944 109866 227503 225261 688380 316 3436 13842 28996 88582 35599 149862 227671 26646 146844 304092 301064 920120 11989 84062 224118 300178 917404 216281 910872 1383900 87 1166 5618 14089 43024 21071 88658 134680 19883 109540 226830 224588 686340 11981 84010 223982 299994 916848 216145 910316 1383060 4481 39332 130400 222511 679980 215793 908824 1380780 120360 663540 1374180 1360380 4158000
J(CICC,CICCC) 1 16 102 347 1050 722 2976 4503 988 5258 10789 10745 32598 923 6140 16126 21681 65790 15852 65532 99207 596 4848 15732 26896 81600 26450 109352 165546 15072 80368 164974 164226 498456 263 2574 10082 21121 64050 26270 108560 164334 20073 107020 219676 218686 663732 9276 61758 162222 218064 661800 159390 659148 997920 76 884 4113 10297 31206 15582 64344 97389 14990 79880 163950 163230 495360 9266 61680 162012 217790 660948 159200 658312 996642 3579 29118 94491 161538 490104 158850 656772 994284 90513 482688 990846 986328 2993760
J(CICC,CICIC) 1 18 123 435 1318 923 3824 5795 1269 6832 14087 14024 42624 1175 7982 21177 28542 86772 20781 86400 131016 742 6242 20612 35482 107848 34834 144840 219636 19654 106064 218810 217720 662088 316 3250 13077 27749 84298 34585 143728 217928 26224 141494 291888 290443 883206 11908 80976 214876 289550 880424 210744 876562 1329300 87 1084 5242 13392 40652 20408 84734 128457 19546 105396 217390 216342 657780 11896 80874 214593 289179 879262 210491 875424 1327551 4473 37636 124278 213920 650232 209998 873230 1324182 118479 639444 1319193 1312584 3991680
J(CICC,ICCCC) 1 17 110 369 1120 751 3129 4745 1008 5472 11280 11189 34095 930 6364 16820 22515 68625 16305 68185 103425 597 5032 16450 27970 85225 27205 113775 172575 15319 83340 171800 170285 519225 263 2685 10605 22058 67165 27075 113170 171650 20413 111040 228900 226890 691800 9340 63975 169075 226250 689750 163800 685300 1039500 76 928 4360 10815 32900 16107 67263 102015 15260 82965 171025 169555 516900 9332 63908 168900 226030 689050 163650 684610 1038450 3585 30225 98805 167985 511875 163380 683340 1036500 91995 500550 1031850 1022700 3118500
J(CICC,ICCIC) 1 19 131 457 1389 952 3986 6053 1289 7076 14652 14527 44345 1182 8257 22034 29563 90271 21323 89665 136220 743 6475 21528 36855 112499 35795 150537 228699 19963 109894 227631 225527 688940 316 3388 13737 28946 88289 35624 149723 227448 26666 146774 304023 301228 920155 11991 83881 223895 300351 917337 216562 911159 1384320 87 1136 5540 14028 42742 21064 88432 134325 19890 109403 226598 224557 685825 11982 83797 223667 300062 916409 216369 910245 1382920 4481 39067 129910 222411 678930 216008 908519 1380260 120455 663215 1373820 1361080 4158000
J(CICC,ICICC) 1 21 150 526 1602 1084 4574 6960 1438 8028 16719 16551 50670 1285 9238 24915 33443 102423 23952 101595 154665 786 7147 24147 41449 126894 40002 169699 258345 22012 123297 256848 254019 778365 326 3701 15333 32460 99285 39712 168342 256260 29323 164222 342096 338344 1036710 12935 93135 251205 337060 1032600 241290 1024170 1559250 88 1235 6186 15758 48138 23514 99545 151515 21881 122442 255045 252309 772920 12918 92984 250794 336534 1030926 240936 1022526 1556730 4722 42954 145125 249087 762615 240366 1019838 1552590 132255 740970 1543590 1526490 4677750
J(ICCC,ICCCC) 1 18 121 404 1228 806 3392 5158 1058 5858 12146 12014 36748 957 6736 17975 24030 73500 17250 72880 110790 605 5282 17517 29790 91040 28710 121260 184340 15943 88400 183250 181160 554400 264 2808 11312 23548 71876 28600 120700 183500 21240 117740 244080 241320 738440 9576 67420 179900 240480 735600 172620 729400 1108800 76 972 4684 11620 35420 17082 72024 109506 15910 88160 182770 180730 552960 9574 67400 179850 240420 735400 172580 729200 1108500 3630 31692 105102 178740 546240 172260 727560 1106040 95658 530400 1099500 1086960 3326400
J(ICCC,ICCIC) 1 20 144 501 1524 1023 4324 6584 1353 7576 15780 15604 47808 1215 8736 23544 31555 96684 22561 95844 145928 752 6792 22920 39256 120168 37776 160440 244288 20768 116560 242800 239936 735616 317 3540 14652 30909 94484 37634 159688 243152 27735 155624 324184 320390 982192 12282 88380 238224 319252 978312 228208 969792 1476608 87 1188 5952 15080 46024 22345 94700 144200 20729 116248 242160 239366 733680 12280 88356 238160 319174 978048 228158 969528 1476208 4532 40944 138184 236676 724512 227740 967312 1472864 125192 702736 1463888 1446592 4435200
J(ICCC,ICICC) 1 22 165 577 1758 1164 4960 7569 1507 8592 18003 17773 54618 1319 9772 26623 35695 109698 25332 108588 165681 795 7494 25711 44158 135552 42208 180860 275958 22881 130768 273964 270234 831096 327 3862 16354 34673 106254 41950 179540 273954 30477 174112 364780 359862 1106604 13236 98114 267282 358288 1101240 254226 1090068 1663200 88 1288 6645 16947 51834 24942 106592 162651 22786 130088 272556 268944 826848 13226 98024 267042 357986 1100268 254024 1089112 1661742 4773 44994 154365 265110 813816 253398 1085820 1656756 137367 785088 1644786 1622376 4989600
J(ICIC,ICICC) 1 24 198 725 2206 1492 6376 9743 1936 11164 23507 23210 71424 1674 12692 34955 47006 144680 33218 143174 218808 984 9626 33673 58280 179144 55592 239558 366122 29794 172554 363361 358284 1103928 390 4852 21196 45589 139834 55244 237708 363298 39753 230164 484686 477961 1472522 16922 128544 354009 475802 1465024 336044 1449606 2215500 100 1564 8456 22068 67516 32693 140380 214543 29671 171616 361392 356492 1097964 16910 128424 353681 475389 1463682 335773 1448288 2213481 5927 58028 202970 351208 1079688 334938 1443682 2206458 179481 1039884 2189823 2158968 6652800
J(CCCIC,CCIC) 1 13 74 244 734 519 2094 3150 749 3813 7694 7694 23150 749 4636 11804 15834 47644 11804 47644 71680 519 3813 11804 19980 60120 19980 80650 121340 11804 60120 121340 121340 365120 244 2094 7694 15834 47644 19980 80650 121340 15834 80650 162780 162780 489820 7694 47644 121340 162780 489820 121340 489820 736960 74 734 3150 7694 23150 11804 47644 71680 11804 60120 121340 121340 365120 7694 47644 121340 162780 489820 121340 489820 736960 3150 23150 71680 121340 365120 121340 489820 736960 71680 365120 736960 736960 2217600
J(CCCIC,CICC) 1 14 83 278 838 590 2396 3611 839 4328 8781 8773 26460 820 5188 13349 17936 54102 13297 54050 81480 553 4196 13207 22466 67768 22375 90964 137133 13071 67496 136997 136861 412860 253 2268 8529 17703 53398 22284 90592 136571 17470 90220 183126 182942 551880 8345 52842 136015 182758 551324 135459 550768 830340 75 786 3475 8589 25904 13161 53494 80640 13019 67224 136441 136305 411180 8337 52790 135879 182574 550768 135323 550212 829500 3339 25348 79800 135749 409500 135187 549656 828660 78960 407820 827820 826980 2494800
J(CCCIC,ICCC) 1 15 91 304 919 635 2601 3928 884 4636 9457 9427 28528 846 5492 14263 19144 57945 14083 57779 87288 561 4410 14061 23914 72386 23626 96956 146480 13631 71602 146126 145620 440832 254 2381 9097 18880 57143 23550 96640 146000 18212 95680 195270 194586 589088 8571 55709 144724 194218 587970 142816 586220 885696 75 829 3732 9217 27890 13969 57305 86568 13603 71450 145810 145304 439872 8569 55695 144686 194166 587812 142778 586062 885456 3384 26620 84888 144356 436992 142588 585272 884256 82248 432192 882096 878976 2661120
J(CCCIC,ICIC) 1 17 110 381 1154 811 3341 5054 1135 6022 12345 12300 37294 1078 7141 18730 25199 76419 18460 76170 115264 700 5683 18427 31547 95675 31115 128420 194340 17782 94499 193809 193050 585536 306 3011 11805 24803 75216 31001 127946 193620 23801 126506 259461 258435 783884 11016 73065 191706 257883 782207 188844 779582 1179808 86 1019 4760 11985 36337 18289 75459 114184 17740 94271 193335 192576 584096 11013 73044 191649 257805 781970 188787 779345 1179448 4238 34432 111664 191154 579776 188502 778160 1177648 107704 572576 1174408 1169728 3548160
J(CCICC,CICC) 1 15 93 317 957 671 2742 4140 939 4911 10020 10002 30240 896 5802 15093 20314 61428 14973 61308 92610 588 4614 14775 25263 76389 25053 102594 154980 14463 75765 154668 154356 466830 262 2454 9453 19798 59850 24857 101766 153720 19266 100920 206016 205602 621810 9040 58590 152460 205190 620550 151200 619290 935550 76 840 3831 9591 28983 14679 60066 90720 14355 75165 153420 153120 463050 9024 58476 152154 204780 619296 150906 618048 933660 3534 27738 88830 151884 459270 150612 616806 931770 86940 455490 929880 927990 2806650
J(CCICC,ICCC) 1 16 102 347 1050 722 2976 4503 988 5258 10789 10745 32598 923 6140 16126 21681 65790 15852 65532 99207 596 4848 15732 26896 81600 26450 109352 165546 15072 80368 164974 164226 498456 263 2574 10082 21121 64050 26270 108560 164334 20073 107020 219676 218686 663732 9276 61758 162222 218064 661800 159390 659148 997920 76 884 4113 10297 31206 15582 64344 97389 14990 79880 163950 163230 495360 9266 61680 162012 217790 660948 159200 658312 996642 3579 29118 94491 161538 490104 158850 656772 994284 90513 482688 990846 986328 2993760
J(CCICC,ICIC) 1 18 123 435 1318 923 3824 5795 1269 6832 14087 14024 42624 1175 7982 21177 28542 86772 20781 86400 131016 742 6242 20612 35482 107848 34834 144840 219636 19654 106064 218810 217720 662088 316 3250 13077 27749 84298 34585 143728 217928 26224 141494 291888 290443 883206 11908 80976 214876 289550 880424 210744 876562 1329300 87 1084 5242 13392 40652 20408 84734 128457 19546 105396 217390 216342 657780 11896 80874 214593 289179 879262 210491 875424 1327551 4473 37636 124278 213920 650232 209998 873230 1324182 118479 639444 1319193 1312584 3991680
J(CICCC,ICCC) 1 17 112 380 1152 776 3228 4896 1038 5628 11616 11540 35136 950 6498 17232 23140 70464 16776 70044 106272 604 5092 16752 28640 87168 27920 116552 176832 15696 85248 175968 174720 532224 264 2696 10752 22540 68544 27760 115800 175680 20900 113480 234240 232600 708480 9512 65088 172608 231760 705792 168000 701568 1064448 76 928 4416 11060 33600 16536 68916 104544 15640 84880 175200 174000 529920 9508 65052 172512 231640 705408 167920 701192 1063872 3624 30552 100512 171840 523008 167520 699312 1060992 94176 511488 1055808 1048320 3193344
J(CICCC,ICIC) 1 19 135 477 1447 993 4150 6304 1333 7313 15169 15066 45952 1208 8444 22627 30465 92937 21993 92352 140352 751 6552 21945 37786 115202 36770 154376 234608 20459 112498 233390 231636 706944 317 3401 13945 29621 90215 36550 153316 232976 27293 150028 311238 308926 942752 12199 85325 228628 307746 938946 222112 932972 1417920 87 1136 5628 14392 43778 21663 90762 137904 20385 111986 232306 230624 703680 12194 85276 228494 307578 938404 222002 932442 1417104 4524 39472 132192 227588 693888 221452 929792 1413024 123216 677568 1405680 1395072 4257792
J(CICIC,ICCC) 1 19 135 477 1447 993 4150 6304 1333 7313 15169 15066 45952 1208 8444 22627 30465 92937 21993 92352 140352 751 6552 21945 37786 115202 36770 154376 234608 20459 112498 233390 231636 706944 317 3401 13945 29621 90215 36550 153316 232976 27293 150028 311238 308926 942752 12199 85325 228628 307746 938946 222112 932972 1417920 87 1136 5628 14392 43778 21663 90762 137904 20385 111986 232306 230624 703680 12194 85276 228494 307578 938404 222002 932442 1417104 4524 39472 132192 227588 693888 221452 929792 1413024 123216 677568 1405680 1395072 4257792
J(CICIC,ICIC) 1 21 162 598 1814 1271 5332 8110 1713 9503 19804 19666 60078 1536 10974 29712 40110 122570 28836 121760 185344 932 8426 28746 49858 152254 48430 204480 311260 26664 148462 309550 307096 939008 379 4282 18076 38928 118724 48130 202992 308956 35634 198348 413550 410304 1254492 15628 111830 302824 408654 1249122 293644 1240704 1888768 99 1385 7162 18724 57012 28386 119528 181888 26568 147754 308026 305680 934400 15622 111764 302638 408420 1248360 293494 1239960 1887616 5632 50952 173824 301432 920576 292744 1236240 1881856 161152 897536 1871488 1856512 5677056
J(ICCCC,ICIC) 1 20 146 508 1544 1032 4362 6644 1358 7610 15861 15688 48064 1216 8750 23600 31640 96940 22615 96090 146320 752 6794 22947 39310 120320 37810 160610 244570 20772 116650 243045 240180 736400 317 3540 14674 30956 94608 37655 159800 243350 27723 155650 324310 320510 982620 12273 88372 238285 319340 978600 228200 969980 1477000 87 1188 5972 15130 46160 22379 94854 144458 20725 116300 242340 239550 734280 12270 88342 238210 319250 978300 228140 969680 1476550 4530 40936 138236 236760 724720 227700 967340 1473020 125094 702600 1463850 1446480 4435200
J(ICCIC,ICIC) 1 22 173 629 1912 1310 5556 8472 1738 9842 20600 20371 62504 1544 11350 30913 41549 127508 29582 126360 192704 933 8732 30024 51807 158820 49755 212510 324104 27056 153814 322026 318108 977088 379 4454 18996 40634 124352 49556 211424 322456 36193 205734 430749 425534 1306976 15724 115822 315533 423953 1301492 301678 1289664 1966944 99 1446 7577 19630 59948 29280 124710 190200 27001 153360 321087 317274 974240 15721 115786 315437 423836 1301096 301603 1289268 1966344 5640 52840 181712 313512 961216 301032 1286112 1961552 163656 930848 1948984 1925056 5913600
J(CCCCIC,CIC) 1 13 74 244 734 519 2094 3150 749 3813 7694 7694 23150 749 4636 11804 15834 47644 11804 47644 71680 519 3813 11804 19980 60120 19980 80650 121340 11804 60120 121340 121340 365120 244 2094 7694 15834 47644 19980 80650 121340 15834 80650 162780 162780 489820 7694 47644 121340 162780 489820 121340 489820 736960 74 734 3150 7694 23150 11804 47644 71680 11804 60120 121340 121340 365120 7694 47644 121340 162780 489820 121340 489820 736960 3150 23150 71680 121340 365120 121340 489820 736960 71680 365120 736960 736960 2217600
J(CCCCIC,ICC) 1 14 83 278 838 590 2396 3611 839 4328 8781 8773 26460 820 5188 13349 17936 54102 13297 54050 81480 553 4196 13207 22466 67768 22375 90964 137133 13071 67496 136997 136861 412860 253 2268 8529 17703 53398 22284 90592 136571 17470 90220 183126 182942 551880 8345 52842 136015 182758 551324 135459 550768 830340 75 786 3475 8589 25904 13161 53494 80640 13019 67224 136441 136305 411180 8337 52790 135879 182574 550768 135323 550212 829500 3339 25348 79800 135749 409500 135187 549656 828660 78960 407820 827820 826980 2494800
J(CCCICC,CIC) 1 14 83 278 838 590 2396 3611 839 4328 8781 8773 26460 820 5188 13349 17936 54102 13297 54050 81480 553 4196 13207 22466 67768 22375 90964 137133 13071 67496 136997 136861 412860 253 2268 8529 17703 53398 22284 90592 136571 17470 90220 183126 182942 551880 8345 52842 136015 182758 551324 135459 550768 830340 75 786 3475 8589 25904 13161 53494 80640 13019 67224 136441 136305 411180 8337 52790 135879 182574 550768 135323 550212 829500 3339 25348 79800 135749 409500 135187 549656 828660 78960 407820 827820 826980 2494800
J(CCCICC,ICC) 1 15 93 317 957 671 2742 4140 939 4911 10020 10002 30240 896 5802 15093 20314 61428 14973 61308 92610 588 4614 14775 25263 76389 25053 102594 154980 14463 75765 154668 154356 466830 262 2454 9453 19798 59850 24857 101766 153720 19266 100920 206016 205602 621810 9040 58590 152460 205190 620550 151200 619290 935550 76 840 3831 9591 28983 14679 60066 90720 14355 75165 153420 153120 463050 9024 58476 152154 204780 619296 150906 618048 933660 3534 27738 88830 151884 459270 150612 616806 931770 86940 455490 929880 927990 2806650
J(CCICCC,CIC) 1 15 91 304 919 635 2601 3928 884 4636 9457 9427 28528 846 5492 14263 19144 57945 14083 57779 87288 561 4410 14061 23914 72386 23626 96956 146480 13631 71602 146126 145620 440832 254 2381 9097 18880 57143 23550 96640 146000 18212 95680 195270 194586 589088 8571 55709 144724 194218 587970 142816 586220 885696 75 829 3732 9217 27890 13969 57305 86568 13603 71450 145810 145304 439872 8569 55695 144686 194166 587812 142778 586062 885456 3384 26620 84888 144356 436992 142588 585272 884256 82248 432192 882096 878976 2661120
J(CCICCC,ICC) 1 16 102 347 1050 722 2976 4503 988 5258 10789 10745 32598 923 6140 16126 21681 65790 15852 65532 99207 596 4848 15732 26896 81600 26450 109352 165546 15072 80368 164974 164226 498456 263 2574 10082 21121 64050 26270 108560 164334 20073 107020 219676 218686 663732 9276 61758 162222 218064 661800 159390 659148 997920 76 884 4113 10297 31206 15582 64344 97389 14990 79880 163950 163230 495360 9266 61680 162012 217790 660948 159200 658312 996642 3579 29118 94491 161538 490104 158850 656772 994284 90513 482688 990846 986328 2993760
J(CCICIC,CIC) 1 17 110 381 1154 811 3341 5054 1135 6022 12345 12300 37294 1078 7141 18730 25199 76419 18460 76170 115264 700 5683 18427 31547 95675 31115 128420 194340 17782 94499 193809 193050 585536 306 3011 11805 24803 75216 31001 127946 193620 23801 126506 259461 258435 783884 11016 73065 191706 257883 782207 188844 779582 1179808 86 1019 4760 11985 36337 18289 75459 114184 17740 94271 193335 192576 584096 11013 73044 191649 257805 781970 188787 779345 1179448 4238 34432 111664 191154 579776 188502 778160 1177648 107704 572576 1174408 1169728 3548160
J(CCICIC,ICC) 1 18 123 435 1318 923 3824 5795 1269 6832 14087 14024 42624 1175 7982 21177 28542 86772 20781 86400 131016 742 6242 20612 35482 107848 34834 144840 219636 19654 106064 218810 217720 662088 316 3250 13077 27749 84298 34585 143728 217928 26224 141494 291888 290443 883206 11908 80976 214876 289550 880424 210744 876562 1329300 87 1084 5242 13392 40652 20408 84734 128457 19546 105396 217390 216342 657780 11896 80874 214593 289179 879262 210491 875424 1327551 4473 37636 124278 213920 650232 209998 873230 1324182 118479 639444 1319193 1312584 3991680
J(CICCCC,ICC) 1 17 110 369 1120 751 3129 4745 1008 5472 11280 11189 34095 930 6364 16820 22515 68625 16305 68185 103425 597 5032 16450 27970 85225 27205 113775 172575 15319 83340 171800 170285 519225 263 2685 10605 22058 67165 27075 113170 171650 20413 111040 228900 226890 691800 9340 63975 169075 226250 689750 163800 685300 1039500 76 928 4360 10815 32900 16107 67263 102015 15260 82965 171025 169555 516900 9332 63908 168900 226030 689050 163650 684610 1038450 3585 30225 98805 167985 511875 163380 683340 1036500 91995 500550 1031850 1022700 3118500
J(CICCIC,ICC) 1 19 131 457 1389 952 3986 6053 1289 7076 14652 14527 44345 1182 8257 22034 29563 90271 21323 89665 136220 743 6475 21528 36855 112499 35795 150537 228699 19963 109894 227631 225527 688940 316 3388 13737 28946 88289 35624 149723 227448 26666 146774 304023 301228 920155 11991 83881 223895 300351 917337 216562 911159 1384320 87 1136 5540 14028 42742 21064 88432 134325 19890 109403 226598 224557 685825 11982 83797 223667 300062 916409 216369 910245 1382920 4481 39067 129910 222411 678930 216008 908519 1380260 120455 663215 1373820 1361080 4158000
J(CICICC,ICC) 1 21 150 526 1602 1084 4574 6960 1438 8028 16719 16551 50670 1285 9238 24915 33443 102423 23952 101595 154665 786 7147 24147 41449 126894 40002 169699 258345 22012 123297 256848 254019 778365 326 3701 15333 32460 99285 39712 168342 256260 29323 164222 342096 338344 1036710 12935 93135 251205 337060 1032600 241290 1024170 1559250 88 1235 6186 15758 48138 23514 99545 151515 21881 122442 255045 252309 772920 12918 92984 250794 336534 1030926 240936 1022526 1556730 4722 42954 145125 249087 762615 240366 1019838 1552590 132255 740970 1543590 1526490 4677750
J(CCCCCIC,IC) 1 13 74 244 734 519 2094 3150 749 3813 7694 7694 23150 749 4636 11804 15834 47644 11804 47644 71680 519 3813 11804 19980 60120 19980 80650 121340 11804 60120 121340 121340 365120 244 2094 7694 15834 47644 19980 80650 121340 15834 80650 162780 162780 489820 7694 47644 121340 162780 489820 121340 489820 736960 74 734 3150 7694 23150 11804 47644 71680 11804 60120 121340 121340 365120 7694 47644 121340 162780 489820 121340 489820 736960 3150 23150 71680 121340 365120 121340 489820 736960 71680 365120 736960 736960 2217600
J(CCCCICC,IC) 1 14 83 278 838 590 2396 3611 839 4328 8781 8773 26460 820 5188 13349 17936 54102 13297 54050 81480 553 4196 13207 22466 67768 22375 90964 137133 13071 67496 136997 136861 412860 253 2268 8529 17703 53398 22284 90592 136571 17470 90220 183126 182942 551880 8345 52842 136015 182758 551324 135459 550768 830340 75 786 3475 8589 25904 13161 53494 80640 13019 67224 136441 136305 411180 8337 52790 135879 182574 550768 135323 550212 829500 3339 25348 79800 135749 409500 135187 549656 828660 78960 407820 827820 826980 2494800
J(CCCICCC,IC) 1 15 91 304 919 635 2601 3928 884 4636 9457 9427 28528 846 5492 14263 19144 57945 14083 57779 87288 561 4410 14061 23914 72386 23626 96956 146480 13631 71602 146126 145620 440832 254 2381 9097 18880 57143 23550 96640 146000 18212 95680 195270 194586 589088 8571 55709 144724 194218 587970 142816 586220 885696 75 829 3732 9217 27890 13969 57305 86568 13603 71450 145810 145304 439872 8569 55695 144686 194166 587812 142778 586062 885456 3384 26620 84888 144356 436992 142588 585272 884256 82248 432192 882096 878976 2661120
J(CCCICIC,IC) 1 17 110 381 1154 811 3341 5054 1135 6022 12345 12300 37294 1078 7141 18730 25199 76419 18460 76170 115264 700 5683 18427 31547 95675 31115 128420 194340 17782 94499 193809 193050 585536 306 3011 11805 24803 75216 31001 127946 193620 23801 126506 259461 258435 783884 11016 73065 191706 257883 782207 188844 779582 1179808 86 1019 4760 11985 36337 18289 75459 114184 17740 94271 193335 192576 584096 11013 73044 191649 257805 781970 188787 779345 1179448 4238 34432 111664 191154 579776 188502 778160 1177648 107704 572576 1174408 1169728 3548160
J(CCICCCC,IC) 1 16 98 323 980 661 2736 4140 903 4826 9888 9818 29840 853 5692 14875 19880 60440 14490 60120 91000 562 4578 14701 24865 75600 24305 100880 152700 13863 74250 152170 151000 459200 254 2486 9568 19711 59920 24275 100750 152500 18532 99280 203470 201890 614000 8635 57712 150835 201500 612800 146790 609480 922600 75 872 3955 9675 29400 14442 59912 90680 13858 74220 152105 150935 459000 8635 57712 150835 201500 612800 146790 609480 922600 3390 27640 88760 150090 456400 146670 608960 921800 83640 448200 918600 911400 2772000
J(CCICCIC,IC) 1 18 117 400 1216 837 3484 5280 1154 6238 12840 12742 38800 1085 7386 19485 26099 79496 18946 79048 119840 701 5896 19244 32763 99800 31979 133474 202360 18072 97910 201618 199980 609280 306 3142 12400 25865 78776 31937 133292 202080 24217 131234 270249 268037 816680 11099 75690 199749 267491 815000 194086 810352 1228640 86 1070 5029 12547 38200 18880 78762 119400 18065 97868 201527 199889 609000 11099 75690 199749 267491 815000 194086 810352 1228640 4246 35752 116720 198706 605360 193918 809624 1227520 109560 593880 1223040 1212960 3696000
J(CCICICC,IC) 1 20 134 460 1402 953 3998 6071 1289 7080 14654 14520 44340 1182 8268 22036 29528 90206 21291 89578 136080 743 6512 21586 36843 112568 35744 150468 228593 19944 109866 227503 225261 688380 316 3436 13842 28996 88582 35599 149862 227671 26646 146844 304092 301064 920120 11989 84062 224118 300178 917404 216281 910872 1383900 87 1166 5618 14089 43024 21071 88658 134680 19883 109540 226830 224588 686340 11981 84010 223982 299994 916848 216145 910316 1383060 4481 39332 130400 222511 679980 215793 908824 1380780 120360 663540 1374180 1360380 4158000
J(CICCCCC,IC) 1 17 104 336 1024 674 2824 4280 909 4958 10184 10054 30720 854 5859 15344 20356 62224 14694 61754 93600 562 4739 15232 25515 78000 24660 103690 157160 13943 76250 156600 154450 472320 254 2591 9968 20286 62000 24655 103665 157120 18642 101980 209440 206540 631680 8645 59427 155600 206290 630880 148830 626090 948960 75 915 4144 9989 30512 14685 61709 93528 13943 76250 156600 154450 472320 8645 59427 155600 206290 630880 148830 626090 948960 3390 28618 91968 154000 470880 148800 625940 948720 84120 460320 945360 932160 2851200
J(CICCCIC,IC) 1 19 123 413 1261 850 3580 5433 1160 6396 13193 13017 39845 1086 7598 20078 26694 81746 19195 81109 123120 701 6102 19926 33599 102900 32434 137127 208158 18173 100519 207398 204465 626400 306 3273 12905 26599 81442 32427 137092 208102 24360 134792 278122 274162 840010 11112 77942 206030 273822 838922 196783 832381 1263600 86 1121 5257 12932 39573 19183 81049 123024 18173 100519 207398 204465 626400 11112 77942 206030 273822 838922 196783 832381 1263600 4246 37016 120904 203850 624432 196742 832176 1263272 110200 610000 1258680 1240640 3801600
J(CICCICC,IC) 1 21 140 473 1448 966 4101 6236 1295 7257 15052 14829 45520 1183 8506 22708 30208 92776 21577 91939 139840 743 6737 22340 37780 116048 36262 154617 235180 20061 112827 234084 230391 707920 316 3574 14380 29788 91480 36136 154083 234364 26806 150834 312944 307962 946400 12004 86562 231140 307310 944352 219341 935787 1423440 87 1218 5852 14487 44464 21387 91133 138608 19997 112475 233348 229655 705680 11995 86498 230964 307068 943616 219165 935051 1422320 4481 40699 134968 228184 701088 218940 934070 1420808 121080 681600 1414200 1391520 4276800
J(CICICCC,IC) 1 23 155 518 1591 1037 4447 6776 1359 7768 16193 15903 49008 1216 9023 24279 32208 99321 22799 98215 149688 752 7125 23861 40224 124066 38226 164816 251200 20864 119782 249726 244920 755712 317 3793 15425 31809 98087 38140 164450 250640 27874 160120 333830 327346 1010208 12295 91544 246324 326478 1007490 230876 996160 1518336 87 1304 6332 15573 47986 22668 97656 148832 20836 119630 249410 244604 754752 12293 91530 246286 326426 1007332 230838 996002 1518096 4532 43024 144072 242756 748992 230588 994912 1516416 125808 723072 1507536 1478016 4561920
J(CICICIC,IC) 1 27 191 655 2017 1329 5740 8761 1745 10119 21196 20793 64229 1545 11760 31948 42439 131177 29885 129633 197904 933 9213 31349 53111 164199 50317 218447 333502 27164 158192 331427 324725 1004256 379 4828 20104 41858 129382 50189 217903 332670 36349 211804 443763 434717 1344634 15737 120188 326556 433475 1340749 304969 1324877 2022768 99 1623 8139 20318 62760 29691 128807 196640 27122 157964 330953 324251 1002816 15734 120167 326499 433397 1340512 304912 1324640 2022408 5640 55800 189880 321584 994512 304544 1323040 2019944 164344 958096 2007408 1966208 6082560
