J(IC,ICCCC) 1 14 69 171 524 250 1070 1630 232 1320 2745 2695 8300 139 1018 2725 3610 11120 2560 11000 16750 52 480 1598 2690 8280 2560 11000 16750 1406 8020 16670 16350 50400
J(IC,ICCIC) 1 16 84 216 664 321 1388 2120 296 1724 3616 3546 10960 172 1316 3588 4773 14756 3357 14588 22280 61 604 2076 3539 10932 3357 14588 22280 1808 10568 22168 21720 67200
J(IC,ICICC) 1 18 97 248 766 360 1582 2425 321 1934 4094 3998 12430 180 1456 4031 5349 16636 3708 16394 25125 62 664 2329 3963 12314 3702 16368 25085 1945 11766 24901 24285 75600
J(CIC,CICC) 1 12 58 150 454 232 956 1447 225 1198 2463 2457 7450 138 922 2436 3291 9980 2410 9954 15075 52 428 1407 2431 7370 2404 9928 15035 1367 7290 14995 14955 45360
J(CIC,ICCC) 1 13 64 163 496 245 1027 1560 231 1270 2632 2610 7968 139 973 2600 3490 10656 2516 10582 16080 52 454 1512 2590 7904 2514 10572 16064 1400 7712 15984 15840 48384
J(CIC,ICIC) 1 15 79 208 635 316 1339 2040 295 1661 3474 3441 10544 172 1258 3426 4617 14150 3300 14039 21400 61 572 1968 3411 10448 3297 14024 21376 1800 10160 21256 21040 64512
J(ICC,ICCC) 1 14 73 187 570 275 1170 1785 251 1424 2982 2948 9048 146 1070 2914 3916 12012 2786 11896 18144 53 490 1683 2900 8880 2778 11852 18078 1509 8568 17940 17730 54432
J(ICC,ICIC) 1 16 90 239 730 355 1526 2335 320 1862 3936 3887 11974 180 1382 3839 5181 15950 3653 15782 24147 62 616 2190 3821 11738 3643 15722 24056 1937 11286 23857 23550 72576
J(CCIC,CIC) 1 11 51 131 395 206 838 1264 206 1068 2174 2174 6560 131 838 2174 2934 8854 2174 8854 13360 51 395 1264 2174 6560 2174 8854 13360 1264 6560 13360 13360 40320
J(CCIC,ICC) 1 12 58 150 454 232 956 1447 225 1198 2463 2457 7450 138 922 2436 3291 9980 2410 9954 15075 52 428 1407 2431 7370 2404 9928 15035 1367 7290 14995 14955 45360
J(CICC,ICC) 1 13 66 172 522 261 1090 1656 245 1343 2790 2776 8460 145 1014 2730 3692 11250 2670 11190 17010 53 463 1566 2720 8280 2658 11132 16920 1476 8100 16830 16740 51030
J(CCCIC,IC) 1 11 51 131 395 206 838 1264 206 1068 2174 2174 6560 131 838 2174 2934 8854 2174 8854 13360 51 395 1264 2174 6560 2174 8854 13360 1264 6560 13360 13360 40320
J(CCICC,IC) 1 12 58 150 454 232 956 1447 225 1198 2463 2457 7450 138 922 2436 3291 9980 2410 9954 15075 52 428 1407 2431 7370 2404 9928 15035 1367 7290 14995 14955 45360
J(CICCC,IC) 1 13 64 163 496 245 1027 1560 231 1270 2632 2610 7968 139 973 2600 3490 10656 2516 10582 16080 52 454 1512 2590 7904 2514 10572 16064 1400 7712 15984 15840 48384
J(CICIC,IC) 1 15 79 208 635 316 1339 2040 295 1661 3474 3441 10544 172 1258 3426 4617 14150 3300 14039 21400 61 572 1968 3411 10448 3297 14024 21376 1800 10160 21256 21040 64512
