J(IC,ICCCCC) 1 16 88 248 760 426 1816 2760 483 2716 5608 5498 16920 371 2660 7020 9250 28480 6590 28200 42840 191 1708 5552 9245 28460 8820 37760 57360 4911 27700 57160 55970 172440 63 692 2708 5489 16884 6590 28200 42840 4911 27700 57160 55970 172440 2242 16104 42480 55940 172320 39840 170640 259200
J(IC,ICCCIC) 1 18 105 308 946 542 2326 3541 618 3528 7326 7177 22140 468 3452 9224 12191 37628 8639 37248 56700 233 2182 7250 12184 37600 11604 50060 76202 6378 36564 75930 74305 229500 73 858 3473 7165 22092 8639 37248 56700 6378 36564 75930 74305 229500 2844 21032 56208 74264 229336 52600 227040 345600
J(IC,ICCICC) 1 20 120 353 1088 613 2660 4060 682 3984 8332 8143 25220 501 3840 10392 13733 42560 9639 42052 64180 242 2396 8108 13655 42312 12890 56272 85880 6962 40860 85448 83399 258660 74 936 3876 8025 24844 9591 41844 63860 6954 40812 85344 83295 258340 3027 23264 62952 83142 257824 58320 254760 388800
J(IC,ICICCC) 1 22 133 385 1192 652 2870 4392 707 4246 8931 8685 27048 509 4070 11102 14592 45480 10114 44804 68544 243 2546 8689 14530 45280 13520 59940 91696 7178 43336 91110 88440 275904 74 1004 4190 8590 26740 10090 44700 68384 7176 43324 91084 88414 275824 3072 24640 67184 88224 275184 61104 271104 414720
J(IC,ICICIC) 1 26 165 490 1522 839 3728 5717 906 5552 11751 11409 35644 639 5302 14645 19279 60280 13266 59334 90972 294 3272 11402 19187 59984 17772 79554 121970 9290 57248 121139 117413 367452 85 1262 5430 11269 35192 13230 59178 90732 9287 57230 121100 117374 367332 3872 32232 89016 117096 366400 80512 360672 552960
J(CIC,CICCC) 1 14 77 227 688 408 1686 2552 476 2542 5219 5193 15768 370 2474 6502 8732 26520 6374 26404 39984 191 1566 5085 8680 26360 8520 35300 53456 4847 25936 53270 52980 160944 63 624 2446 5115 15528 6350 26300 39824 4845 25924 53244 52954 160864 2236 14968 39344 52824 160464 38544 159744 241920
J(CIC,CICIC) 1 16 94 287 872 524 2182 3310 611 3316 6853 6814 20744 467 3214 8561 11532 35116 8369 34942 53032 233 2002 6652 11454 34876 11214 46830 71076 6295 34240 70797 70362 214312 73 776 3151 6697 20384 8333 34786 52792 6292 34222 70758 70323 214192 2836 19544 52072 70128 213592 50872 212512 322560
J(CIC,ICCCC) 1 15 83 240 731 421 1765 2678 482 2640 5445 5385 16450 371 2570 6790 9050 27655 6525 27445 41650 191 1637 5341 9025 27575 8730 36730 55740 4901 26910 55500 54840 167650 63 658 2590 5345 16322 6520 27420 41610 4901 26910 55500 54840 167650 2242 15554 41090 54740 167330 39450 166050 252000
J(CIC,ICCIC) 1 17 100 300 916 537 2268 3448 617 3433 7124 7040 21560 468 3336 8928 11935 36564 8557 36270 55160 233 2092 6980 11900 36452 11487 48705 74072 6365 35521 73736 72812 223160 73 817 3328 6985 21384 8550 36235 55104 6365 35521 73736 72812 223160 2844 20312 54376 72672 222712 52080 220920 336000
J(CIC,ICICC) 1 19 115 345 1057 608 2596 3957 681 3876 8101 7986 24555 501 3711 10059 13441 41348 9544 40932 62415 242 2300 7816 13343 41043 12759 54747 83482 6947 39688 82971 81704 251475 74 894 3726 7837 24091 9497 40729 62103 6940 39650 82892 81625 251235 3027 22475 60927 81366 250419 57735 247875 378000
J(ICC,ICCCC) 1 16 94 275 838 476 2016 3069 532 2980 6195 6115 18750 398 2852 7645 10205 31290 7290 31000 47175 199 1782 5953 10120 31000 9710 41280 62820 5355 30050 62450 61600 189000 64 704 2870 5985 18306 7245 30770 46830 5348 30000 62350 61510 188700 2391 17142 45945 61320 188040 43800 186300 283500
J(ICC,ICCIC) 1 18 113 344 1050 608 2592 3953 681 3876 8107 7997 24580 501 3700 10051 13459 41370 9560 40970 62480 242 2274 7777 13345 40976 12776 54738 83479 6949 39662 82969 81787 251580 74 872 3686 7824 23982 9503 40664 62017 6941 39598 82837 81669 251180 3027 22376 60798 81411 250276 57815 247860 378000
J(ICC,ICICC) 1 20 130 396 1212 688 2966 4536 750 4374 9217 9069 27990 535 4114 11324 15157 46782 10657 46232 70695 251 2498 8709 14968 46140 14188 61528 94086 7575 44310 93360 91770 283500 75 952 4126 8783 27018 10556 45706 69894 7560 44196 93122 91554 282780 3216 24750 68121 91158 281412 64080 278100 425250
J(CCIC,CCIC) 1 12 62 182 548 337 1364 2054 412 2112 4276 4276 12880 337 2112 5416 7282 21936 5416 21936 33040 182 1364 4276 7282 21936 7282 29496 44428 4276 21936 44428 44428 133840 62 548 2054 4276 12880 5416 21936 33040 4276 21936 44428 44428 133840 2054 12880 33040 44428 133840 33040 133840 201600
J(CCIC,CICC) 1 13 70 208 628 382 1560 2355 457 2386 4866 4859 14685 363 2345 6097 8211 24819 6059 24781 37425 190 1488 4765 8158 24658 8105 33153 50070 4686 24500 49991 49912 150885 63 590 2276 4780 14445 6021 24623 37185 4679 24462 49912 49833 150645 2197 14205 36945 49754 150405 36705 150165 226800
J(CCIC,ICCC) 1 14 77 227 688 408 1686 2552 476 2542 5219 5193 15768 370 2474 6502 8732 26520 6374 26404 39984 191 1566 5085 8680 26360 8520 35300 53456 4847 25936 53270 52980 160944 63 624 2446 5115 15528 6350 26300 39824 4845 25924 53244 52954 160864 2236 14968 39344 52824 160464 38544 159744 241920
J(CCIC,ICIC) 1 16 94 287 872 524 2182 3310 611 3316 6853 6814 20744 467 3214 8561 11532 35116 8369 34942 53032 233 2002 6652 11454 34876 11214 46830 71076 6295 34240 70797 70362 214312 73 776 3151 6697 20384 8333 34786 52792 6292 34222 70758 70323 214192 2836 19544 52072 70128 213592 50872 212512 322560
J(CICC,CICC) 1 14 79 238 720 433 1784 2700 506 2694 5536 5520 16740 390 2602 6863 9258 28080 6775 27992 42390 198 1622 5310 9142 27720 9020 37264 56430 5130 27360 56250 56070 170100 64 634 2521 5346 16200 6695 27640 41850 5116 27276 56072 55896 169560 2346 15660 41310 55722 169020 40770 168480 255150
J(CICC,ICCC) 1 15 87 260 789 462 1927 2925 526 2869 5937 5898 17973 397 2745 7320 9846 30006 7124 29824 45288 199 1706 5667 9730 29634 9480 39676 60246 5301 28962 59940 59514 181440 64 669 2709 5724 17415 7060 29520 44820 5292 28902 59814 59396 181062 2385 16497 43992 59166 180324 42804 179226 272160
J(CICC,ICIC) 1 17 106 329 1000 594 2495 3795 675 3743 7797 7741 23649 500 3564 9637 13004 39732 9353 39469 60069 242 2178 7411 12841 39205 12477 52635 80103 6879 38231 79661 79039 241605 74 830 3488 7497 22860 9267 39047 59415 6868 38151 79489 78879 241086 3019 21531 58221 78551 240027 56487 238428 362880
J(ICCC,ICCC) 1 16 96 284 864 492 2080 3168 546 3056 6368 6300 19296 404 2896 7808 10472 32064 7488 31776 48384 200 1792 6048 10360 31680 9960 42240 64320 5472 30656 63872 63168 193536 64 704 2912 6132 18720 7440 31520 48000 5468 30624 63808 63112 193344 2424 17376 46848 62832 192384 44928 190656 290304
J(ICCC,ICIC) 1 18 117 360 1096 633 2694 4112 700 3986 8363 8270 25392 508 3758 10278 13832 42456 9830 42052 64176 243 2286 7909 13676 41912 13108 56036 85520 7095 40464 84886 83892 257712 74 872 3750 8036 24576 9766 41692 63632 7090 40420 84796 83814 257440 3064 22672 62000 83424 256080 59280 253632 387072
J(ICIC,ICIC) 1 20 142 456 1388 815 3488 5334 898 5200 10982 10856 33408 638 4876 13530 18272 56216 12906 55652 85120 294 2912 10340 18056 55448 17252 74340 113708 9194 53408 112814 111416 343168 85 1076 4824 10532 32256 12822 55148 84352 9188 53348 112688 111308 342784 3864 29568 82048 110768 340864 78208 337408 516096
J(CCCIC,CIC) 1 12 62 182 548 337 1364 2054 412 2112 4276 4276 12880 337 2112 5416 7282 21936 5416 21936 33040 182 1364 4276 7282 21936 7282 29496 44428 4276 21936 44428 44428 133840 62 548 2054 4276 12880 5416 21936 33040 4276 21936 44428 44428 133840 2054 12880 33040 44428 133840 33040 133840 201600
J(CCCIC,ICC) 1 13 70 208 628 382 1560 2355 457 2386 4866 4859 14685 363 2345 6097 8211 24819 6059 24781 37425 190 1488 4765 8158 24658 8105 33153 50070 4686 24500 49991 49912 150885 63 590 2276 4780 14445 6021 24623 37185 4679 24462 49912 49833 150645 2197 14205 36945 49754 150405 36705 150165 226800
J(CCICC,CIC) 1 13 70 208 628 382 1560 2355 457 2386 4866 4859 14685 363 2345 6097 8211 24819 6059 24781 37425 190 1488 4765 8158 24658 8105 33153 50070 4686 24500 49991 49912 150885 63 590 2276 4780 14445 6021 24623 37185 4679 24462 49912 49833 150645 2197 14205 36945 49754 150405 36705 150165 226800
J(CCICC,ICC) 1 14 79 238 720 433 1784 2700 506 2694 5536 5520 16740 390 2602 6863 9258 28080 6775 27992 42390 198 1622 5310 9142 27720 9020 37264 56430 5130 27360 56250 56070 170100 64 634 2521 5346 16200 6695 27640 41850 5116 27276 56072 55896 169560 2346 15660 41310 55722 169020 40770 168480 255150
J(CICCC,ICC) 1 15 87 260 789 462 1927 2925 526 2869 5937 5898 17973 397 2745 7320 9846 30006 7124 29824 45288 199 1706 5667 9730 29634 9480 39676 60246 5301 28962 59940 59514 181440 64 669 2709 5724 17415 7060 29520 44820 5292 28902 59814 59396 181062 2385 16497 43992 59166 180324 42804 179226 272160
J(CICIC,ICC) 1 17 106 329 1000 594 2495 3795 675 3743 7797 7741 23649 500 3564 9637 13004 39732 9353 39469 60069 242 2178 7411 12841 39205 12477 52635 80103 6879 38231 79661 79039 241605 74 830 3488 7497 22860 9267 39047 59415 6868 38151 79489 78879 241086 3019 21531 58221 78551 240027 56487 238428 362880
J(CCCCIC,IC) 1 12 62 182 548 337 1364 2054 412 2112 4276 4276 12880 337 2112 5416 7282 21936 5416 21936 33040 182 1364 4276 7282 21936 7282 29496 44428 4276 21936 44428 44428 133840 62 548 2054 4276 12880 5416 21936 33040 4276 21936 44428 44428 133840 2054 12880 33040 44428 133840 33040 133840 201600
J(CCCICC,IC) 1 13 70 208 628 382 1560 2355 457 2386 4866 4859 14685 363 2345 6097 8211 24819 6059 24781 37425 190 1488 4765 8158 24658 8105 33153 50070 4686 24500 49991 49912 150885 63 590 2276 4780 14445 6021 24623 37185 4679 24462 49912 49833 150645 2197 14205 36945 49754 150405 36705 150165 226800
J(CCICCC,IC) 1 14 77 227 688 408 1686 2552 476 2542 5219 5193 15768 370 2474 6502 8732 26520 6374 26404 39984 191 1566 5085 8680 26360 8520 35300 53456 4847 25936 53270 52980 160944 63 624 2446 5115 15528 6350 26300 39824 4845 25924 53244 52954 160864 2236 14968 39344 52824 160464 38544 159744 241920
J(CCICIC,IC) 1 16 94 287 872 524 2182 3310 611 3316 6853 6814 20744 467 3214 8561 11532 35116 8369 34942 53032 233 2002 6652 11454 34876 11214 46830 71076 6295 34240 70797 70362 214312 73 776 3151 6697 20384 8333 34786 52792 6292 34222 70758 70323 214192 2836 19544 52072 70128 213592 50872 212512 322560
J(CICCCC,IC) 1 15 83 240 731 421 1765 2678 482 2640 5445 5385 16450 371 2570 6790 9050 27655 6525 27445 41650 191 1637 5341 9025 27575 8730 36730 55740 4901 26910 55500 54840 167650 63 658 2590 5345 16322 6520 27420 41610 4901 26910 55500 54840 167650 2242 15554 41090 54740 167330 39450 166050 252000
J(CICCIC,IC) 1 17 100 300 916 537 2268 3448 617 3433 7124 7040 21560 468 3336 8928 11935 36564 8557 36270 55160 233 2092 6980 11900 36452 11487 48705 74072 6365 35521 73736 72812 223160 73 817 3328 6985 21384 8550 36235 55104 6365 35521 73736 72812 223160 2844 20312 54376 72672 222712 52080 220920 336000
J(CICICC,IC) 1 19 115 345 1057 608 2596 3957 681 3876 8101 7986 24555 501 3711 10059 13441 41348 9544 40932 62415 242 2300 7816 13343 41043 12759 54747 83482 6947 39688 82971 81704 251475 74 894 3726 7837 24091 9497 40729 62103 6940 39650 82892 81625 251235 3027 22475 60927 81366 250419 57735 247875 378000
