P(C,CCCCC) 1 12 36 55 180 50 240 360 27 180 360 330 1080
P(C,CCCIC) 1 14 45 71 234 64 316 477 33 234 477 436 1440
P(C,CCICC) 1 16 52 80 268 69 356 540 34 260 536 483 1620
P(C,CICCC) 1 18 57 84 288 70 380 576 34 280 574 504 1728
P(C,CICIC) 1 22 73 109 378 89 502 765 41 366 762 664 2304
P(C,ICCCC) 1 20 60 85 300 70 400 600 34 300 600 510 1800
P(C,ICCIC) 1 24 76 110 392 89 528 796 41 392 796 672 2400
P(C,ICICC) 1 28 88 123 448 95 596 900 42 440 896 741 2700
P(CC,CCCC) 1 15 45 65 225 55 300 450 28 225 450 390 1350
P(CC,CCIC) 1 18 57 84 294 70 396 597 34 294 597 514 1800
P(CC,CICC) 1 21 66 94 336 75 447 675 35 330 672 567 2025
P(CC,ICCC) 1 24 72 98 360 76 480 720 35 360 720 588 2160
P(CC,ICIC) 1 30 93 127 474 96 636 957 42 474 957 772 2880
P(IC,ICCC) 1 32 96 128 480 96 640 960 42 480 960 768 2880
P(IC,ICIC) 1 40 124 166 632 121 848 1276 50 632 1276 1008 3840
P(CCC,CCC) 1 16 48 68 240 56 320 480 28 240 480 408 1440
P(CCC,CIC) 1 20 62 88 316 71 424 638 34 316 638 536 1920
P(CCC,ICC) 1 24 72 98 360 76 480 720 35 360 720 588 2160
P(CIC,CIC) 1 25 80 114 416 90 562 848 41 416 848 704 2560
P(CIC,ICC) 1 30 93 127 474 96 636 957 42 474 957 772 2880
P(ICC,ICC) 1 36 108 141 540 102 720 1080 43 540 1080 846 3240
P(CCCC,IC) 1 20 60 85 300 70 400 600 34 300 600 510 1800
P(CCIC,IC) 1 24 76 110 392 89 528 796 41 392 796 672 2400
P(CICC,IC) 1 28 88 123 448 95 596 900 42 440 896 741 2700
