P(C,CCCCCC) 1 14 49 91 294 105 490 735 77 490 980 910 2940 35 294 735 910 2940 630 2940 4410
P(C,CCCCIC) 1 16 60 116 376 135 640 964 97 640 1296 1202 3904 42 376 964 1202 3904 822 3904 5880
P(C,CCCICC) 1 18 69 132 432 149 726 1098 103 714 1461 1345 4410 43 414 1080 1340 4392 897 4374 6615
P(C,CCICCC) 1 20 76 141 468 154 776 1176 104 760 1560 1416 4704 43 444 1160 1414 4696 924 4656 7056
P(C,CCICIC) 1 24 96 182 608 198 1020 1552 130 996 2068 1870 6256 51 572 1528 1867 6244 1200 6184 9408
P(C,CICCCC) 1 22 81 145 490 155 810 1225 104 800 1630 1450 4900 43 474 1220 1450 4900 930 4860 7350
P(C,CICCIC) 1 26 101 186 632 199 1062 1612 130 1048 2159 1914 6512 51 610 1605 1914 6512 1208 6456 9800
P(C,CICICC) 1 30 117 211 726 218 1204 1833 137 1174 2435 2135 7350 52 680 1806 2130 7332 1311 7242 11025
P(C,ICCCCC) 1 24 84 146 504 155 840 1260 104 840 1680 1460 5040 43 504 1260 1460 5040 930 5040 7560
P(C,ICCCIC) 1 28 104 187 648 199 1100 1656 130 1100 2224 1927 6696 51 648 1656 1927 6696 1208 6696 10080
P(C,ICCICC) 1 32 120 212 744 218 1248 1884 137 1232 2508 2150 7560 52 720 1860 2144 7536 1311 7512 11340
P(C,ICICCC) 1 36 132 225 804 224 1336 2016 138 1320 2680 2256 8064 52 780 2000 2254 8056 1344 8016 12096
P(C,ICICIC) 1 44 168 291 1048 287 1760 2664 171 1736 3556 2975 10728 61 1012 2640 2972 10716 1736 10656 16128
P(CC,CCCCC) 1 18 63 111 378 120 630 945 83 630 1260 1110 3780 36 378 945 1110 3780 720 3780 5670
P(CC,CCCIC) 1 21 78 142 486 154 825 1242 104 825 1668 1465 5022 43 486 1242 1465 5022 936 5022 7560
P(CC,CCICC) 1 24 90 161 558 169 936 1413 110 924 1881 1635 5670 44 540 1395 1630 5652 1017 5634 8505
P(CC,CICCC) 1 27 99 171 603 174 1002 1512 111 990 2010 1716 6048 44 585 1500 1714 6042 1044 6012 9072
P(CC,CICIC) 1 33 126 221 786 223 1320 1998 138 1302 2667 2263 8046 52 759 1980 2260 8037 1350 7992 12096
P(CC,ICCCC) 1 30 105 175 630 175 1050 1575 111 1050 2100 1750 6300 44 630 1575 1750 6300 1050 6300 9450
P(CC,ICCIC) 1 36 132 225 816 224 1380 2076 138 1380 2784 2307 8376 52 816 2076 2307 8376 1358 8376 12600
P(CC,ICICC) 1 42 153 254 936 244 1566 2358 145 1554 3141 2565 9450 53 918 2340 2560 9432 1467 9414 14175
P(IC,ICCCC) 1 40 140 230 840 225 1400 2100 138 1400 2800 2300 8400 52 840 2100 2300 8400 1350 8400 12600
P(IC,ICCIC) 1 48 176 296 1088 288 1840 2768 171 1840 3712 3032 11168 61 1088 2768 3032 11168 1744 11168 16800
P(IC,ICICC) 1 56 204 334 1248 313 2088 3144 179 2072 4188 3370 12600 62 1224 3120 3364 12576 1881 12552 18900
P(CCC,CCCC) 1 20 70 120 420 125 700 1050 84 700 1400 1200 4200 36 420 1050 1200 4200 750 4200 6300
P(CCC,CCIC) 1 24 88 154 544 160 920 1384 105 920 1856 1582 5584 43 544 1384 1582 5584 972 5584 8400
P(CCC,CICC) 1 28 102 174 624 175 1044 1572 111 1036 2094 1760 6300 44 612 1560 1756 6288 1053 6276 9450
P(CCC,ICCC) 1 32 112 184 672 180 1120 1680 112 1120 2240 1840 6720 44 672 1680 1840 6720 1080 6720 10080
P(CCC,ICIC) 1 40 144 238 880 230 1480 2224 139 1480 2976 2422 8944 52 880 2224 2422 8944 1392 8944 13440
P(CIC,CICC) 1 35 131 225 817 224 1380 2081 138 1369 2782 2317 8385 52 801 2065 2312 8369 1359 8353 12600
P(CIC,ICCC) 1 40 144 238 880 230 1480 2224 139 1480 2976 2422 8944 52 880 2224 2422 8944 1392 8944 13440
P(CIC,ICIC) 1 50 185 308 1152 294 1956 2944 172 1956 3954 3188 11904 61 1152 2944 3188 11904 1792 11904 17920
P(ICC,ICCC) 1 48 168 268 1008 250 1680 2520 146 1680 3360 2680 10080 53 1008 2520 2680 10080 1500 10080 15120
P(ICC,ICIC) 1 60 216 347 1320 319 2220 3336 180 2220 4464 3527 13416 62 1320 3336 3527 13416 1928 13416 20160
P(CCCC,CIC) 1 25 90 155 550 160 925 1390 105 925 1860 1580 5590 43 550 1390 1580 5590 970 5590 8400
P(CCCC,ICC) 1 30 105 175 630 175 1050 1575 111 1050 2100 1750 6300 44 630 1575 1750 6300 1050 6300 9450
P(CCIC,CIC) 1 30 113 199 712 205 1216 1832 131 1216 2466 2083 7432 51 712 1832 2083 7432 1256 7432 11200
P(CCIC,ICC) 1 36 132 225 816 224 1380 2076 138 1380 2784 2307 8376 52 816 2076 2307 8376 1358 8376 12600
P(CICC,ICC) 1 42 153 254 936 244 1566 2358 145 1554 3141 2565 9450 53 918 2340 2560 9432 1467 9414 14175
P(CCCCC,IC) 1 24 84 146 504 155 840 1260 104 840 1680 1460 5040 43 504 1260 1460 5040 930 5040 7560
P(CCCIC,IC) 1 28 104 187 648 199 1100 1656 130 1100 2224 1927 6696 51 648 1656 1927 6696 1208 6696 10080
P(CCICC,IC) 1 32 120 212 744 218 1248 1884 137 1232 2508 2150 7560 52 720 1860 2144 7536 1311 7512 11340
P(CICCC,IC) 1 36 132 225 804 224 1336 2016 138 1320 2680 2256 8064 52 780 2000 2254 8056 1344 8016 12096
P(CICIC,IC) 1 44 168 291 1048 287 1760 2664 171 1736 3556 2975 10728 61 1012 2640 2972 10716 1736 10656 16128
