P(C,CCCCCCC) 1 16 64 140 448 196 896 1344 182 1120 2240 2100 6720 112 896 2240 2800 8960 1960 8960 13440 44 448 1344 2100 6720 1960 8960 13440 1092 6720 13440 12600 40320
P(C,CCCCCIC) 1 18 77 176 564 251 1158 1742 232 1460 2945 2760 8860 139 1158 2945 3700 11880 2570 11880 17870 52 564 1742 2760 8860 2570 11880 17870 1406 8860 17870 16740 53760
P(C,CCCCICC) 1 20 88 201 648 281 1320 1992 252 1640 3336 3113 10056 146 1280 3304 4146 13392 2840 13360 20160 53 616 1944 3085 9960 2834 13328 20112 1515 9864 20064 18720 60480
P(C,CCCICCC) 1 22 97 217 706 295 1418 2145 258 1744 3566 3300 10752 147 1358 3530 4390 14300 2956 14216 21504 53 658 2091 3280 10680 2954 14204 21486 1548 10464 21396 19800 64512
P(C,CCCICIC) 1 26 121 278 908 380 1852 2810 328 2284 4710 4350 14236 181 1762 4656 5805 18994 3868 18868 28622 62 836 2729 4320 14128 3865 18850 28595 1982 13804 28460 26280 86016
P(C,CCICCCC) 1 24 104 226 744 300 1480 2240 259 1820 3720 3400 11200 147 1428 3700 4530 14920 3000 14800 22400 53 700 2208 3395 11180 3000 14800 22400 1554 10920 22320 20400 67200
P(C,CCICCIC) 1 28 128 287 948 385 1924 2920 329 2380 4904 4474 14800 181 1852 4876 5987 19804 3925 19636 29800 62 888 2876 4467 14772 3925 19636 29800 1990 14408 29688 27080 89600
P(C,CCICICC) 1 32 148 328 1092 429 2192 3336 355 2676 5552 5033 16776 189 2060 5484 6700 22328 4320 22080 33600 63 984 3232 4996 16644 4314 22048 33552 2133 16080 33360 30240 100800
P(C,CICCCCC) 1 26 109 230 768 301 1526 2304 259 1890 3835 3450 11520 147 1498 3830 4600 15360 3010 15260 23040 53 742 2295 3450 11520 3010 15260 23040 1554 11340 23010 20700 69120
P(C,CICCCIC) 1 30 133 291 974 386 1980 2997 329 2470 5051 4537 15210 181 1942 5044 6078 20380 3938 20244 30645 62 940 2985 4537 15210 3938 20244 30645 1990 14964 30604 27480 92160
P(C,CICCICC) 1 34 153 332 1120 430 2256 3424 355 2778 5720 5106 17248 189 2158 5669 6802 22976 4335 22770 34560 63 1038 3346 5070 17120 4328 22728 34496 2133 16698 34383 30690 103680
P(C,CICICCC) 1 38 169 357 1218 449 2422 3681 362 2964 6116 5400 18432 190 2308 6070 7190 24540 4496 24256 36864 63 1122 3610 5380 18360 4494 24244 36846 2172 17784 36696 32400 110592
P(C,CICICIC) 1 46 213 459 1574 578 3172 4833 458 3892 8089 7117 24426 232 3008 8021 9503 32614 5866 32212 49077 73 1438 4729 7087 24318 5863 32194 49050 2764 23496 48832 42960 147456
P(C,ICCCCCC) 1 28 112 231 784 301 1568 2352 259 1960 3920 3465 11760 147 1568 3920 4620 15680 3010 15680 23520 53 784 2352 3465 11760 3010 15680 23520 1554 11760 23520 20790 70560
P(C,ICCCCIC) 1 32 136 292 992 386 2032 3056 329 2560 5160 4556 15520 181 2032 5160 6104 20800 3938 20800 31280 62 992 3056 4556 15520 3938 20800 31280 1990 15520 31280 27600 94080
P(C,ICCCICC) 1 36 156 333 1140 430 2316 3492 355 2880 5844 5128 17604 189 2256 5796 6831 23448 4335 23400 35280 63 1092 3420 5090 17460 4328 23352 35208 2133 17316 35136 30825 105840
P(C,ICCICCC) 1 40 172 358 1240 449 2488 3756 362 3072 6248 5424 18816 190 2408 6200 7220 25040 4496 24928 37632 63 1176 3684 5400 18720 4494 24912 37608 2172 18432 37488 32544 112896
P(C,ICCICIC) 1 48 216 460 1600 578 3256 4928 458 4032 8260 7148 24928 232 3136 8188 9542 33272 5866 33104 50096 73 1504 4820 7112 24784 5863 33080 50060 2764 24352 49880 43152 150528
P(C,ICICCCC) 1 44 184 371 1304 455 2600 3920 363 3220 6520 5575 19600 190 2548 6500 7430 26120 4550 26000 39200 63 1260 3888 5570 19580 4550 26000 39200 2178 19320 39120 33450 117600
P(C,ICICCIC) 1 52 228 473 1668 584 3388 5120 459 4220 8604 7336 25920 232 3316 8576 9815 34684 5936 34516 52160 73 1608 5076 7329 25892 5936 34516 52160 2772 25528 52048 44360 156800
P(C,ICICICC) 1 60 264 539 1920 647 3860 5844 492 4756 9740 8233 29364 241 3708 9656 10965 39104 6505 38840 58800 74 1796 5716 8186 29184 6498 38792 58728 2955 28572 58512 49455 176400
P(CC,CCCCCC) 1 21 84 175 588 231 1176 1764 203 1470 2940 2625 8820 119 1176 2940 3500 11760 2310 11760 17640 45 588 1764 2625 8820 2310 11760 17640 1218 8820 17640 15750 52920
P(CC,CCCCIC) 1 24 102 221 744 296 1524 2292 258 1920 3870 3451 11640 147 1524 3870 4624 15600 3023 15600 23460 53 744 2292 3451 11640 3023 15600 23460 1562 11640 23460 20910 70560
P(CC,CCCICC) 1 27 117 252 855 330 1737 2619 279 2160 4383 3885 13203 154 1692 4347 5175 17586 3330 17550 26460 54 819 2565 3855 13095 3324 17514 26406 1677 12987 26352 23355 79380
P(CC,CCICCC) 1 30 129 271 930 345 1866 2817 285 2304 4686 4110 14112 155 1806 4650 5470 18780 3456 18696 28224 54 882 2763 4090 14040 3454 18684 28206 1710 13824 28116 24660 84672
P(CC,CCICIC) 1 36 162 348 1200 444 2442 3696 361 3024 6195 5416 18696 190 2352 6141 7229 24954 4511 24828 37572 63 1128 3615 5386 18588 4508 24810 37545 2180 18264 37410 32700 112896
P(CC,CICCCC) 1 33 138 281 978 350 1950 2940 286 2415 4890 4225 14700 155 1911 4875 5630 19590 3500 19500 29400 54 945 2916 4220 14685 3500 19500 29400 1716 14490 29340 25350 88200
P(CC,CICCIC) 1 39 171 358 1251 449 2541 3840 362 3165 6453 5559 19440 190 2487 6432 7437 26013 4568 25887 39120 63 1206 3807 5552 19419 4568 25887 39120 2188 19146 39036 33620 117600
P(CC,CICICC) 1 45 198 408 1440 498 2895 4383 389 3567 7305 6240 22023 198 2781 7242 8309 29328 5010 29130 44100 64 1347 4287 6201 21888 5004 29094 44046 2337 21429 43884 37485 132300
P(CC,ICCCCC) 1 36 144 285 1008 351 2016 3024 286 2520 5040 4275 15120 155 2016 5040 5700 20160 3510 20160 30240 54 1008 3024 4275 15120 3510 20160 30240 1716 15120 30240 25650 90720
P(CC,ICCCIC) 1 42 177 362 1284 450 2622 3942 362 3300 6645 5622 19980 190 2622 6645 7528 26760 4581 26760 40230 63 1284 3942 5622 19980 4581 26760 40230 2188 19980 40230 34020 120960
P(CC,ICCICC) 1 48 204 412 1476 499 2988 4500 389 3720 7524 6313 22644 198 2928 7476 8411 30168 5025 30120 45360 64 1428 4428 6275 22500 5018 30072 45288 2337 22356 45216 37935 136080
P(CC,ICICCC) 1 54 225 441 1602 519 3210 4833 396 3984 8046 6660 24192 199 3150 8010 8870 32220 5196 32136 48384 64 1554 4779 6640 24120 5194 32124 48366 2376 23904 48276 39960 145152
P(CC,ICICIC) 1 66 285 568 2076 667 4212 6354 499 5244 10650 8772 32076 242 4122 10596 11713 42834 6759 42708 64422 74 2004 6273 8742 31968 6756 42690 64395 3010 31644 64260 52920 193536
P(IC,ICCCCC) 1 48 192 376 1344 456 2688 4032 363 3360 6720 5640 20160 190 2688 6720 7520 26880 4560 26880 40320 63 1344 4032 5640 20160 4560 26880 40320 2178 20160 40320 33840 120960
P(IC,ICCCIC) 1 56 236 478 1712 585 3496 5256 459 4400 8860 7418 26640 232 3496 8860 9932 35680 5949 35680 53640 73 1712 5256 7418 26640 5949 35680 53640 2772 26640 53640 44880 161280
P(IC,ICCICC) 1 64 272 544 1968 648 3984 6000 492 4960 10032 8328 30192 241 3904 9968 11096 40224 6520 40160 60480 74 1904 5904 8280 30000 6512 40096 60384 2955 29808 60288 50040 181440
P(IC,ICICCC) 1 72 300 582 2136 673 4280 6444 500 5312 10728 8784 32256 242 4200 10680 11700 42960 6736 42848 64512 74 2072 6372 8760 32160 6734 42832 64488 3000 31872 64368 52704 193536
P(IC,ICICIC) 1 88 380 750 2768 865 5616 8472 629 6992 14200 11570 42768 293 5496 14128 15450 57112 8757 56944 85896 85 2672 8364 11534 42624 8754 56920 85860 3792 42192 85680 69792 258048
P(CCC,CCCCC) 1 24 96 194 672 246 1344 2016 209 1680 3360 2910 10080 120 1344 3360 3880 13440 2460 13440 20160 45 672 2016 2910 10080 2460 13440 20160 1254 10080 20160 17460 60480
P(CCC,CCCIC) 1 28 118 246 856 315 1748 2628 265 2200 4430 3826 13320 148 1748 4430 5124 17840 3213 17840 26820 53 856 2628 3826 13320 3213 17840 26820 1604 13320 26820 23160 80640
P(CCC,CCICC) 1 32 136 280 984 350 1992 3000 286 2480 5016 4298 15096 155 1952 4984 5726 20112 3530 20080 30240 54 952 2952 4270 15000 3524 20048 30192 1719 14904 30144 25830 90720
P(CCC,CICCC) 1 36 150 300 1068 365 2140 3222 292 2656 5364 4536 16128 156 2100 5340 6040 21480 3656 21424 32256 54 1036 3186 4520 16080 3654 21416 32244 1752 15936 32184 27216 96768
P(CCC,CICIC) 1 44 190 386 1384 469 2808 4236 369 3496 7100 5974 21384 191 2748 7064 7976 28556 4761 28472 42948 63 1336 4182 5950 21312 4758 28460 42930 2228 21096 42840 36048 129024
P(CCC,ICCCC) 1 40 160 310 1120 370 2240 3360 293 2800 5600 4650 16800 156 2240 5600 6200 22400 3700 22400 33600 54 1120 3360 4650 16800 3700 22400 33600 1758 16800 33600 27900 100800
P(CCC,ICCIC) 1 48 200 396 1440 474 2928 4400 370 3680 7400 6116 22240 191 2928 7400 8184 29760 4818 29760 44720 63 1440 4400 6116 22240 4818 29760 44720 2236 22240 44720 36960 134400
P(CCC,ICICC) 1 56 232 450 1656 524 3336 5016 397 4160 8376 6848 25176 199 3296 8344 9126 33552 5270 33520 50400 64 1624 4968 6820 25080 5264 33488 50352 2385 24984 50304 41130 151200
P(CIC,CICCC) 1 45 192 387 1392 469 2819 4248 369 3510 7112 5970 21408 191 2765 7080 7970 28576 4756 28502 42960 63 1350 4200 5950 21344 4754 28492 42944 2228 21152 42864 36000 129024
P(CIC,CICIC) 1 55 243 498 1803 603 3699 5584 466 4621 9414 7863 28384 233 3618 9366 10525 37990 6191 37879 57200 73 1740 5512 7833 28288 6188 37864 57176 2828 28000 57056 47680 172032
P(CIC,ICCCC) 1 50 205 400 1460 475 2950 4430 370 3700 7425 6120 22300 191 2950 7425 8180 29800 4810 29800 44750 63 1460 4430 6120 22300 4810 29800 44750 2234 22300 44750 36900 134400
P(CIC,ICCIC) 1 60 256 511 1876 609 3856 5800 467 4864 9812 8050 29520 233 3856 9812 10798 39592 6261 39592 59560 73 1876 5800 8050 29520 6261 39592 59560 2836 29520 59560 48880 179200
P(CIC,ICICC) 1 70 297 581 2158 673 4394 6613 500 5498 11106 9013 33418 242 4340 11063 12040 44636 6843 44594 67125 74 2116 6549 8977 33290 6836 44552 67061 3019 33162 66997 54390 201600
P(ICC,ICCCC) 1 60 240 455 1680 525 3360 5040 397 4200 8400 6825 25200 199 3360 8400 9100 33600 5250 33600 50400 64 1680 5040 6825 25200 5250 33600 50400 2382 25200 50400 40950 151200
P(ICC,ICCIC) 1 72 300 582 2160 673 4392 6600 500 5520 11100 8978 33360 242 4392 11100 12012 44640 6829 44640 67080 74 2160 6600 8978 33360 6829 44640 67080 3018 33360 67080 54240 201600
P(ICC,ICICC) 1 84 348 661 2484 742 5004 7524 534 6240 12564 10048 37764 251 4944 12516 13391 50328 7455 50280 75600 75 2436 7452 10010 37620 7448 50232 75528 3207 37476 75456 60345 226800
P(CCCC,CCCC) 1 25 100 200 700 250 1400 2100 210 1750 3500 3000 10500 120 1400 3500 4000 14000 2500 14000 21000 45 700 2100 3000 10500 2500 14000 21000 1260 10500 21000 18000 63000
P(CCCC,CCIC) 1 30 125 255 900 320 1830 2750 266 2300 4625 3945 13900 148 1830 4625 5280 18600 3260 18600 27950 53 900 2750 3945 13900 3260 18600 27950 1610 13900 27950 23850 84000
P(CCCC,CICC) 1 35 145 290 1035 355 2085 3135 287 2600 5235 4420 15735 155 2060 5215 5890 20970 3575 20950 31500 54 1015 3105 4400 15675 3570 20930 31470 1725 15615 31440 26550 94500
P(CCCC,ICCC) 1 40 160 310 1120 370 2240 3360 293 2800 5600 4650 16800 156 2240 5600 6200 22400 3700 22400 33600 54 1120 3360 4650 16800 3700 22400 33600 1758 16800 33600 27900 100800
P(CCCC,ICIC) 1 50 205 400 1460 475 2950 4430 370 3700 7425 6120 22300 191 2950 7425 8180 29800 4810 29800 44750 63 1460 4430 6120 22300 4810 29800 44750 2234 22300 44750 36900 134400
P(CCIC,CCIC) 1 36 156 325 1156 410 2392 3600 337 3024 6112 5188 18400 182 2392 6112 6970 24712 4250 24712 37200 62 1156 3600 5188 18400 4250 24712 37200 2054 18400 37200 31600 112000
P(CCIC,CICC) 1 42 181 370 1330 455 2726 4105 363 3418 6918 5813 20830 190 2692 6891 7775 27860 4658 27834 41925 63 1304 4065 5787 20750 4652 27808 41885 2197 20670 41845 35175 126000
P(CCIC,ICCC) 1 48 200 396 1440 474 2928 4400 370 3680 7400 6116 22240 191 2928 7400 8184 29760 4818 29760 44720 63 1440 4400 6116 22240 4818 29760 44720 2236 22240 44720 36960 134400
P(CCIC,ICIC) 1 60 256 511 1876 609 3856 5800 467 4864 9812 8050 29520 233 3856 9812 10798 39592 6261 39592 59560 73 1876 5800 8050 29520 6261 39592 59560 2836 29520 59560 48880 179200
P(CICC,CICC) 1 49 210 421 1530 504 3106 4680 390 3863 7830 6511 23580 198 3030 7770 8672 31410 5100 31350 47250 64 1471 4590 6455 23400 5088 31292 47160 2346 23220 47070 39150 141750
P(CICC,ICCC) 1 56 232 450 1656 524 3336 5016 397 4160 8376 6848 25176 199 3296 8344 9126 33552 5270 33520 50400 64 1624 4968 6820 25080 5264 33488 50352 2385 24984 50304 41130 151200
P(CICC,ICIC) 1 70 297 581 2158 673 4394 6613 500 5498 11106 9013 33418 242 4340 11063 12040 44636 6843 44594 67125 74 2116 6549 8977 33290 6836 44552 67061 3019 33162 66997 54390 201600
P(ICCC,ICCC) 1 64 256 480 1792 544 3584 5376 404 4480 8960 7200 26880 200 3584 8960 9600 35840 5440 35840 53760 64 1792 5376 7200 26880 5440 35840 53760 2424 26880 53760 43200 161280
P(ICCC,ICIC) 1 80 328 620 2336 698 4720 7088 508 5920 11880 9476 35680 243 4720 11880 12664 47680 7058 47680 71600 74 2336 7088 9476 35680 7058 47680 71600 3064 35680 71600 57120 215040
P(ICIC,ICIC) 1 100 420 801 3044 896 6216 9344 638 7824 15752 12472 47360 294 6216 15752 16706 63432 9152 63432 95360 85 3044 9344 12472 47360 9152 63432 95360 3864 47360 95360 75520 286720
P(CCCCC,CIC) 1 30 123 250 876 316 1770 2658 265 2220 4455 3830 13380 148 1770 4455 5120 17880 3205 17880 26850 53 876 2658 3830 13380 3205 17880 26850 1602 13380 26850 23100 80640
P(CCCCC,ICC) 1 36 144 285 1008 351 2016 3024 286 2520 5040 4275 15120 155 2016 5040 5700 20160 3510 20160 30240 54 1008 3024 4275 15120 3510 20160 30240 1716 15120 30240 25650 90720
P(CCCIC,CIC) 1 35 151 317 1115 405 2302 3464 336 2908 5874 5036 17680 182 2302 5874 6762 23734 4185 23734 35720 62 1115 3464 5036 17680 4185 23734 35720 2046 17680 35720 30640 107520
P(CCCIC,ICC) 1 42 177 362 1284 450 2622 3942 362 3300 6645 5622 19980 190 2622 6645 7528 26760 4581 26760 40230 63 1284 3942 5622 19980 4581 26760 40230 2188 19980 40230 34020 120960
P(CCICC,CIC) 1 40 174 361 1282 450 2624 3955 362 3278 6651 5657 20038 190 2570 6608 7556 26756 4595 26714 40275 63 1240 3891 5621 19910 4588 26672 40211 2189 19782 40147 34170 120960
P(CCICC,ICC) 1 48 204 412 1476 499 2988 4500 389 3720 7524 6313 22644 198 2928 7476 8411 30168 5025 30120 45360 64 1428 4428 6275 22500 5018 30072 45288 2337 22356 45216 37935 136080
P(CICCC,ICC) 1 54 225 441 1602 519 3210 4833 396 3984 8046 6660 24192 199 3150 8010 8870 32220 5196 32136 48384 64 1554 4779 6640 24120 5194 32124 48366 2376 23904 48276 39960 145152
P(CICIC,ICC) 1 66 285 568 2076 667 4212 6354 499 5244 10650 8772 32076 242 4122 10596 11713 42834 6759 42708 64422 74 2004 6273 8742 31968 6756 42690 64395 3010 31644 64260 52920 193536
P(CCCCCC,IC) 1 28 112 231 784 301 1568 2352 259 1960 3920 3465 11760 147 1568 3920 4620 15680 3010 15680 23520 53 784 2352 3465 11760 3010 15680 23520 1554 11760 23520 20790 70560
P(CCCCIC,IC) 1 32 136 292 992 386 2032 3056 329 2560 5160 4556 15520 181 2032 5160 6104 20800 3938 20800 31280 62 992 3056 4556 15520 3938 20800 31280 1990 15520 31280 27600 94080
P(CCCICC,IC) 1 36 156 333 1140 430 2316 3492 355 2880 5844 5128 17604 189 2256 5796 6831 23448 4335 23400 35280 63 1092 3420 5090 17460 4328 23352 35208 2133 17316 35136 30825 105840
P(CCICCC,IC) 1 40 172 358 1240 449 2488 3756 362 3072 6248 5424 18816 190 2408 6200 7220 25040 4496 24928 37632 63 1176 3684 5400 18720 4494 24912 37608 2172 18432 37488 32544 112896
P(CCICIC,IC) 1 48 216 460 1600 578 3256 4928 458 4032 8260 7148 24928 232 3136 8188 9542 33272 5866 33104 50096 73 1504 4820 7112 24784 5863 33080 50060 2764 24352 49880 43152 150528
P(CICCCC,IC) 1 44 184 371 1304 455 2600 3920 363 3220 6520 5575 19600 190 2548 6500 7430 26120 4550 26000 39200 63 1260 3888 5570 19580 4550 26000 39200 2178 19320 39120 33450 117600
P(CICCIC,IC) 1 52 228 473 1668 584 3388 5120 459 4220 8604 7336 25920 232 3316 8576 9815 34684 5936 34516 52160 73 1608 5076 7329 25892 5936 34516 52160 2772 25528 52048 44360 156800
P(CICICC,IC) 1 60 264 539 1920 647 3860 5844 492 4756 9740 8233 29364 241 3708 9656 10965 39104 6505 38840 58800 74 1796 5716 8186 29184 6498 38792 58728 2955 28572 58512 49455 176400
