P(C,CCCCCCCC) 1 18 81 204 648 336 1512 2268 378 2268 4536 4284 13608 294 2268 5670 7140 22680 5040 22680 34020 156 1512 4536 7140 22680 6720 30240 45360 3780 22680 45360 42840 136080 54 648 2268 4284 13608 5040 22680 34020 3780 22680 45360 42840 136080 1764 13608 34020 42840 136080 30240 136080 204120
P(C,CCCCCCIC) 1 20 96 253 804 427 1932 2904 483 2940 5916 5588 17784 371 2940 7440 9405 29940 6605 29940 45000 191 1932 5916 9405 29940 8840 40080 60240 4911 29940 60240 56870 181080 63 804 2904 5588 17784 6605 29940 45000 4911 29940 60240 56870 181080 2242 17784 45000 56870 181080 39930 181080 272160
P(C,CCCCCICC) 1 22 109 289 922 482 2208 3327 533 3322 6729 6339 20262 398 3272 8380 10595 33870 7370 33820 50955 199 2118 6604 10535 33670 9820 45060 67890 5365 33470 67790 63840 204120 64 872 3227 6249 19962 7330 33620 50655 5358 33420 67690 63750 203820 2391 19662 50355 63660 203520 44280 203220 306180
P(C,CCCCICCC) 1 24 120 314 1008 512 2384 3600 553 3544 7216 6762 21744 405 3464 8944 11256 36192 7734 36048 54432 200 2240 7056 11200 36000 10300 48000 72480 5536 35488 72256 67704 217728 64 928 3472 6678 21456 7710 35920 54240 5534 35472 72224 67676 217632 2430 20784 53664 67536 217152 46404 216288 326592
P(C,CCCCICIC) 1 28 148 399 1284 658 3092 4680 708 4628 9484 8878 28632 509 4508 11784 14865 47940 10142 47724 72216 243 2876 9244 14781 47652 13538 63696 96384 7169 46884 96048 89882 289944 74 1164 4488 8752 28200 10106 47532 71928 7166 46860 96000 89840 289800 3070 27192 71064 89630 289080 61152 287784 435456
P(C,CCCICCCC) 1 26 129 330 1068 526 2496 3774 559 3690 7530 7000 22680 406 3612 9345 11650 37740 7900 37500 56700 200 2352 7413 11625 37650 10530 49980 75570 5590 36900 75300 70000 226800 64 984 3675 6960 22536 7895 37470 56655 5590 36900 75300 70000 226800 2436 21672 56070 69900 226440 47400 225000 340200
P(C,CCCICCIC) 1 30 157 415 1346 672 3216 4873 714 4804 9863 9160 29760 510 4696 12295 15365 49918 10349 49582 75120 243 3018 9701 15330 49792 13837 66294 100439 7239 48742 100061 92908 301920 74 1232 4738 9105 29562 10342 49540 75057 7239 48742 100061 92908 301920 3078 28356 74238 92768 301416 62480 299400 453600
P(C,CCCICICC) 1 34 181 476 1552 757 3678 5586 784 5428 11211 10371 33870 544 5240 13861 17285 56442 11510 55960 84975 252 3336 10879 17180 56080 15334 74544 113196 7875 54530 112610 104160 340200 75 1358 5315 10211 33318 11461 55706 84594 7868 54480 112510 104070 339900 3267 31470 83241 103800 338952 69120 336060 510300
P(C,CCICCCCC) 1 28 136 339 1108 531 2572 3888 560 3808 7756 7134 23328 406 3752 9660 11885 38860 7965 38580 58320 200 2464 7700 11880 38840 10620 51440 77760 5600 38080 77560 71340 233280 64 1040 3836 7125 23292 7965 38580 58320 5600 38080 77560 71340 233280 2436 22512 57960 71310 233160 47790 231480 349920
P(C,CCICCCIC) 1 32 164 424 1388 677 3304 5004 715 4952 10144 9323 30564 510 4876 12700 15666 51364 10431 50984 77220 243 3160 10068 15659 51336 13954 68216 103320 7252 50300 103048 94679 310500 74 1300 4936 9311 30516 10431 50984 77220 7252 50300 103048 94679 310500 3078 29456 76728 94638 310336 63000 308040 466560
P(C,CCICCICC) 1 36 188 485 1596 762 3776 5732 785 5596 11532 10558 34792 544 5440 14316 17628 58088 11605 57564 87380 252 3488 11276 17541 57788 15465 76708 116440 7890 56280 115980 106170 349920 75 1428 5520 10426 34336 11555 57300 86980 7882 56216 115848 106052 349520 3267 32676 85992 105885 348924 69705 345780 524880
P(C,CCICICCC) 1 40 208 526 1744 806 4072 6192 811 5976 12360 11238 37296 552 5788 15304 18706 62072 12144 61368 93312 253 3724 12092 18640 61840 16180 81760 124320 8116 59808 123696 112464 373248 75 1540 5968 11137 36940 12120 61240 93120 8114 59792 123664 112436 373152 3312 34728 91824 112236 372432 72864 368208 559872
P(C,CCICICIC) 1 48 260 672 2236 1037 5300 8076 1036 7824 16276 14767 49188 690 7556 20200 24709 82296 15903 81308 123876 305 4808 15888 24611 81952 21232 108552 165384 10470 79084 164496 149231 497124 86 1952 7756 14618 48664 15867 81116 123588 10467 79060 164448 149189 496980 4158 45536 121728 148896 495928 95832 489984 746496
P(C,CICCCCCC) 1 30 141 343 1134 532 2632 3969 560 3920 7931 7203 23814 406 3892 9905 12005 39690 7980 39480 59535 200 2576 7917 12005 39690 10640 52640 79380 5600 39200 79310 72030 238140 64 1096 3955 7203 23814 7980 39480 59535 5600 39200 79310 72030 238140 2436 23352 59430 72030 238140 47880 236880 357210
P(C,CICCCCIC) 1 34 169 428 1416 678 3376 5100 715 5094 10364 9408 31176 510 5056 13015 15820 52440 10450 52160 78804 243 3302 10345 15820 52440 13980 69800 105456 7252 51780 105362 95592 316944 74 1368 5082 9408 31176 10450 52160 78804 7252 51780 105362 95592 316944 3078 30556 78662 95592 316944 63120 315240 476280
P(C,CICCCICC) 1 38 193 489 1626 763 3858 5841 785 5758 11784 10656 35496 544 5640 14669 17803 59310 11627 58906 89190 252 3640 11575 17717 59010 15494 78492 118845 7890 57940 118585 107205 357210 75 1498 5671 10527 35046 11575 58610 88740 7882 57868 118436 107076 356760 3267 33882 88125 106947 356310 69840 353880 535815
P(C,CICCICCC) 1 42 213 530 1776 807 4162 6312 811 6150 12633 11346 38064 552 5996 15674 18892 63376 12168 62808 95256 253 3878 12396 18820 63120 16210 83660 126880 8116 61560 126456 113568 381024 75 1610 6119 11238 37680 12140 62640 95000 8114 61540 126414 113532 380896 3312 35976 94044 113352 380256 73008 376848 571536
P(C,CICCICIC) 1 50 265 676 2272 1038 5412 8224 1036 8048 16626 14904 50176 690 7824 20678 24950 84000 15934 83204 126432 305 5002 16274 24842 83616 21271 111066 168768 10470 81400 168150 150696 507456 86 2036 7939 14742 49600 15892 82952 126048 10467 81370 168087 150642 507264 4158 47164 124640 150372 506304 96024 501504 762048
P(C,CICICCCC) 1 46 229 555 1878 826 4356 6609 818 6420 13185 11725 39690 553 6286 16395 19525 66090 12400 65400 99225 253 4102 13040 19500 66000 16530 87180 132270 8180 64200 131850 117250 396900 75 1722 6483 11685 39546 12395 65370 99180 8180 64200 131850 117250 396900 3318 37716 98370 117150 396540 74400 392400 595350
P(C,CICICCIC) 1 54 281 701 2378 1057 5630 8557 1043 8378 17298 15356 52152 691 8194 21599 25755 87478 16224 86536 131532 305 5286 17098 25720 87352 21687 115690 175847 10553 84878 175266 155552 528432 86 2172 8387 15301 51954 16217 86494 131469 10553 84878 175266 155552 528432 4166 49444 130344 155412 527928 97880 522240 793800
P(C,CICICICC) 1 62 325 803 2742 1186 6436 9801 1139 9474 19655 17355 59310 733 9174 24370 28938 98892 17987 97666 148725 315 5882 19217 28807 98430 23968 130136 198171 11430 95100 197295 174195 595350 87 2418 9440 17156 58608 17926 97316 148194 11422 95028 197146 174066 594900 4401 55086 146331 173757 593802 108000 586440 893025
P(C,ICCCCCCC) 1 32 144 344 1152 532 2688 4032 560 4032 8064 7224 24192 406 4032 10080 12040 40320 7980 40320 60480 200 2688 8064 12040 40320 10640 53760 80640 5600 40320 80640 72240 241920 64 1152 4032 7224 24192 7980 40320 60480 5600 40320 80640 72240 241920 2436 24192 60480 72240 241920 47880 241920 362880
P(C,ICCCCCIC) 1 36 172 429 1436 678 3444 5176 715 5236 10532 9434 31656 510 5236 13240 15865 53260 10450 53260 80040 243 3444 10532 15865 53260 13980 71280 107120 7252 53260 107120 95870 321960 74 1436 5176 9434 31656 10450 53260 80040 7252 53260 107120 95870 321960 3078 31656 80040 95870 321960 63120 321960 483840
P(C,ICCCCICC) 1 40 196 490 1648 763 3936 5928 785 5920 11976 10686 36048 544 5840 14920 17854 60240 11627 60160 90600 252 3792 11776 17766 59920 15494 80160 120720 7890 59600 120560 107520 362880 75 1568 5768 10554 35568 11575 59840 90120 7882 59520 120400 107388 362400 3267 35088 89640 107256 361920 69840 361440 544320
P(C,ICCCICCC) 1 44 216 531 1800 807 4248 6408 811 6324 12840 11379 38664 552 6204 15936 18946 64368 12168 64152 96768 253 4032 12600 18870 64080 16210 85440 128880 8116 63312 128544 113904 387072 75 1680 6216 11265 38232 12140 63960 96480 8114 63288 128496 113866 386928 3312 37224 95616 113676 386208 73008 384912 580608
P(C,ICCCICIC) 1 52 268 677 2300 1038 5520 8344 1036 8272 16892 14946 50952 690 8092 21016 25020 85300 15934 84976 128424 305 5196 16532 24906 84868 21271 113424 171416 10470 83716 170912 151142 515496 86 2120 8056 14775 50304 15892 84688 127992 10467 83680 170840 151085 515280 4158 48792 126696 150800 514200 96024 512256 774144
P(C,ICCICCCC) 1 48 232 556 1904 826 4448 6712 818 6600 13400 11760 40320 553 6496 16660 19580 67120 12400 66800 100800 253 4256 13244 19550 67000 16530 89040 134360 8180 66000 134000 117600 403200 75 1792 6580 11712 40128 12395 66760 100740 8180 66000 134000 117600 403200 3318 38976 99960 117480 402720 74400 400800 604800
P(C,ICCICCIC) 1 56 284 702 2408 1057 5744 8684 1043 8608 17572 15400 52960 691 8464 21940 25826 88824 16224 88376 133600 305 5480 17356 25784 88656 21687 118152 178612 10553 87256 178108 156016 536800 86 2256 8504 15334 52696 16217 88320 133516 10553 87256 178108 156016 536800 4166 51088 132424 155848 536128 97880 533440 806400
P(C,ICCICICC) 1 64 328 804 2776 1186 6568 9948 1139 9736 19968 17406 60240 733 9472 24748 29018 100416 17987 99760 151080 315 6088 19492 28876 99880 23968 132912 201288 11430 97760 200480 174720 604800 87 2504 9560 17190 59424 17926 99368 150492 11422 97680 200320 174588 604320 4401 56880 148608 174240 602976 108000 599040 907200
P(C,ICICCCCC) 1 52 244 569 1972 832 4588 6912 819 6832 13804 11964 41472 553 6776 17220 19935 69100 12480 68820 103680 253 4480 13748 19930 69080 16640 91760 138240 8190 68320 138040 119640 414720 75 1904 6860 11955 41436 12480 68820 103680 8190 68320 138040 119640 414720 3318 40656 103320 119610 414600 74880 412920 622080
P(C,ICICCCIC) 1 60 296 715 2480 1063 5908 8916 1044 8900 18076 15649 54396 691 8824 22660 26281 91384 16325 91004 137340 305 5764 18000 26274 91356 21830 121736 183720 10566 90320 183448 158713 552060 86 2392 8848 15637 54348 16325 91004 137340 10566 90320 183448 158713 552060 4166 53288 136848 158672 551896 98520 549600 829440
P(C,ICICCICC) 1 68 340 817 2852 1192 6752 10208 1140 10068 20544 17692 61888 733 9872 25556 29536 103328 18104 102764 155360 315 6392 20188 29413 102868 24128 136948 207040 11445 101200 206500 177780 622080 87 2644 9916 17506 61192 18040 102340 154720 11436 101096 206288 177608 621440 4401 59292 153492 177387 620604 108720 617220 933120
P(C,ICICICCC) 1 76 376 883 3112 1255 7280 11016 1173 10772 22016 18795 66312 742 10544 27336 31296 110408 18888 109632 165888 316 6860 21668 31210 110080 25170 146080 221040 11736 107792 220304 188064 663552 87 2868 10728 18664 65812 18860 109440 165600 11734 107768 220256 188026 663408 4452 63264 164016 187776 662448 113328 657792 995328
P(C,ICICICIC) 1 92 472 1131 4000 1615 9492 14388 1494 14128 29016 24701 87516 922 13800 36112 41329 146436 24689 145340 220284 378 8892 28508 41201 145948 32961 194040 294096 15074 142696 293040 249385 883836 99 3656 13972 24507 86776 24647 145052 219852 15071 142660 292968 249328 883620 5552 83144 217560 248960 882208 148704 875616 1327104
P(CC,CCCCCCC) 1 24 108 260 864 406 2016 3024 434 3024 6048 5460 18144 322 3024 7560 9100 30240 6090 30240 45360 164 2016 6048 9100 30240 8120 40320 60480 4340 30240 60480 54600 181440 55 864 3024 5460 18144 6090 30240 45360 4340 30240 60480 54600 181440 1932 18144 45360 54600 181440 36540 181440 272160
P(CC,CCCCCIC) 1 27 129 324 1077 517 2583 3882 554 3927 7899 7129 23742 405 3927 9930 11990 39945 7975 39945 60030 200 2583 7899 11990 39945 10670 53460 80340 5624 39945 80340 72460 241470 64 1077 3882 7129 23742 7975 39945 60030 5624 39945 80340 72460 241470 2446 23742 60030 72460 241470 48180 241470 362880
P(CC,CCCCICC) 1 30 147 370 1236 582 2952 4446 609 4440 8982 8076 27036 433 4380 11190 13494 45180 8877 45120 67950 208 2844 8832 13426 44940 11829 60120 90540 6125 44700 90420 81270 272160 65 1176 4326 7974 26676 8835 44880 67590 6118 44640 90300 81168 271800 2601 26316 67230 81066 271440 53325 271080 408240
P(CC,CCCICCC) 1 33 162 401 1350 616 3186 4806 630 4743 9630 8601 28998 440 4653 11952 14320 48276 9294 48114 72576 209 3024 9450 14260 48060 12380 64080 96660 6306 47484 96408 86100 290304 65 1260 4662 8511 28674 9270 47970 72360 6304 47466 96372 86070 290196 2640 27918 71712 85920 289656 55764 288684 435456
P(CC,CCCICIC) 1 39 201 511 1725 792 4140 6258 805 6204 12669 11296 38214 551 6069 15762 18910 63975 12172 63732 96318 253 3897 12399 18820 63651 16248 85068 128562 8142 62787 128184 114250 386622 75 1590 6042 11161 37728 12136 63516 95994 8139 62760 128130 114205 386460 3322 36594 95022 113980 385650 73362 384192 580608
P(CC,CCICCCC) 1 36 174 420 1428 631 3336 5034 636 4950 10050 8890 30240 441 4872 12495 14800 50340 9475 50100 75600 209 3192 9933 14775 50250 12630 66780 100770 6360 49500 100500 88900 302400 65 1344 4935 8850 30096 9470 50070 75555 6360 49500 100500 88900 302400 2646 29232 74970 88800 302040 56850 300600 453600
P(CC,CCICCIC) 1 42 213 530 1806 807 4308 6513 811 6456 13179 11640 39720 552 6348 16455 19520 66618 12398 66282 100200 253 4110 13017 19485 66492 16573 88614 133959 8212 65442 133581 117942 402600 75 1692 6378 11585 39522 12391 66240 100137 8212 65442 133581 117942 402600 3330 38316 99318 117802 402096 74810 400080 604800
P(CC,CCICICC) 1 48 246 607 2082 906 4926 7461 887 7302 14976 13158 45180 587 7104 18561 21934 75312 13752 74820 113310 262 4566 14619 21821 74910 18323 99684 150966 8905 73320 150360 132090 453600 76 1878 7170 12986 44568 13701 74526 112869 8898 73260 150240 131988 453240 3525 42660 111456 131706 452232 82575 449280 680400
P(CC,CICCCCC) 1 39 183 430 1479 636 3441 5184 637 5124 10353 9045 31104 441 5082 12915 15070 51825 9540 51615 77760 209 3360 10311 15065 51810 12720 68820 103680 6370 51240 103530 90450 311040 65 1428 5145 9036 31077 9540 51615 77760 6370 51240 103530 90450 311040 2646 30492 77490 90420 310950 57240 309690 466560
P(CC,CICCCIC) 1 45 222 540 1860 812 4431 6687 812 6675 13557 11829 40797 552 6618 16995 19866 68538 12480 68253 103005 253 4323 13500 19859 68517 16690 91302 137790 8225 67740 137586 119991 414045 75 1794 6636 11817 40761 12480 68253 103005 8225 67740 137586 119991 414045 3330 39966 102636 119950 413922 75330 412200 622080
P(CC,CICCICC) 1 51 255 617 2139 911 5064 7656 888 7551 15408 13375 46416 587 7404 19167 22328 77496 13847 77073 116520 262 4794 15141 22231 77151 18454 102711 155280 8920 75900 154875 134415 466560 76 1983 7437 13228 45894 13795 76755 116040 8912 75822 154716 134282 466080 3525 44469 115119 134100 465453 83160 462915 699840
P(CC,CICICCC) 1 57 282 667 2334 960 5460 8262 915 8079 16512 14211 49734 595 7908 20502 23660 82806 14454 82224 124416 263 5145 16251 23590 82560 19260 109560 165780 9156 80844 165228 142200 497664 76 2151 8046 14104 49359 14430 82080 124200 9154 80826 165192 142170 497556 3570 47448 123012 141960 496836 86724 493344 746496
P(CC,CICICIC) 1 69 354 854 3000 1235 7119 10791 1166 10596 21762 18675 65637 741 10350 27084 31244 109827 18897 109005 165213 316 6669 21381 31140 109461 25228 145530 220572 11773 107022 219780 188571 662877 87 2742 10479 18517 65082 18861 108789 164889 11770 106995 219726 188526 662715 4464 62358 163170 188218 661656 113832 656712 995328
P(CC,ICCCCCC) 1 42 189 434 1512 637 3528 5292 637 5292 10584 9114 31752 441 5292 13230 15190 52920 9555 52920 79380 209 3528 10584 15190 52920 12740 70560 105840 6370 52920 105840 91140 317520 65 1512 5292 9114 31752 9555 52920 79380 6370 52920 105840 91140 317520 2646 31752 79380 91140 317520 57330 317520 476280
P(CC,ICCCCIC) 1 48 228 544 1896 813 4536 6816 812 6888 13848 11914 41616 552 6888 17400 20020 69960 12499 69960 105120 253 4536 13848 20020 69960 16716 93600 140640 8225 69960 140640 120904 422640 75 1896 6816 11914 41616 12499 69960 105120 8225 69960 140640 120904 422640 3330 41616 105120 120904 422640 75450 422640 635040
P(CC,ICCCICC) 1 54 261 621 2178 912 5184 7803 888 7794 15741 13473 47358 587 7704 19620 22503 79110 13869 79020 118935 262 5022 15516 22407 78750 18483 105300 158490 8920 78390 158310 135450 476280 76 2088 7623 13329 46818 13815 78660 118395 8912 78300 158130 135306 475740 3525 46278 117855 135162 475200 83295 474660 714420
P(CC,ICCICCC) 1 60 288 671 2376 961 5592 8424 915 8340 16872 14319 50760 595 8220 20976 23846 84528 14478 84312 127008 263 5376 16632 23770 84240 19290 112320 169200 9156 83472 168864 143304 508032 76 2256 8232 14205 50328 14450 84120 126720 9154 83448 168816 143266 507888 3570 49320 125856 143076 507168 86868 505872 762048
P(CC,ICCICIC) 1 72 360 858 3048 1236 7284 10992 1166 10932 22224 18812 66960 741 10752 27696 31485 112080 18928 111756 168624 316 6960 21864 31371 111648 25267 149184 225096 11773 110496 224592 190036 676656 87 2868 10704 18641 66312 18886 111468 168192 11770 110460 224520 189979 676440 4464 64800 166896 189694 675360 114024 673416 1016064
P(CC,ICICCCC) 1 66 309 700 2508 981 5856 8814 922 8730 17610 14770 52920 596 8652 21945 24600 88140 14725 87900 132300 263 5712 17493 24575 88050 19630 117180 176370 9220 87300 176100 147700 529200 76 2424 8715 14730 52776 14720 87870 132255 9220 87300 176100 147700 529200 3576 51912 131670 147600 528840 88350 527400 793800
P(CC,ICICCIC) 1 78 381 887 3186 1256 7584 11433 1173 11412 23127 19352 69600 742 11304 28935 32445 116718 19237 116382 175440 316 7386 22965 32410 116592 25709 155574 234519 11856 115542 234141 195836 704640 87 3072 11298 19297 69402 19230 116340 175377 11856 115542 234141 195836 704640 4472 68196 174558 195696 704136 116000 702120 1058400
P(CC,ICICICC) 1 90 441 1014 3672 1404 8670 13086 1276 12924 26271 21831 79110 785 12696 32661 36403 131922 21264 131400 198315 326 8256 25839 36262 131400 28337 175104 264276 12800 129690 263610 219030 793800 88 3438 12735 21617 78318 21201 130986 197694 12792 129600 263430 218886 793260 4713 76230 196101 218562 792072 127665 788940 1190700
P(IC,ICCCCCC) 1 56 252 574 2016 833 4704 7056 819 7056 14112 12054 42336 553 7056 17640 20090 70560 12495 70560 105840 253 4704 14112 20090 70560 16660 94080 141120 8190 70560 141120 120540 423360 75 2016 7056 12054 42336 12495 70560 105840 8190 70560 141120 120540 423360 3318 42336 105840 120540 423360 74970 423360 635040
P(IC,ICCCCIC) 1 64 304 720 2528 1064 6048 9088 1044 9184 18464 15760 55488 691 9184 23200 26480 93280 16344 93280 140160 305 6048 18464 26480 93280 21856 124800 187520 10566 93280 187520 159904 563520 86 2528 9088 15760 55488 16344 93280 140160 10566 93280 187520 159904 563520 4166 55488 140160 159904 563520 98640 563520 846720
P(IC,ICCCICC) 1 72 348 822 2904 1193 6912 10404 1140 10392 20988 17820 63144 733 10272 26160 29762 105480 18126 105360 158580 315 6696 20688 29638 105000 24157 140400 211320 11445 104520 211080 179130 635040 87 2784 10164 17634 62424 18060 104880 157860 11436 104400 210840 178944 634320 4401 61704 157140 178758 633600 108855 632880 952560
P(IC,ICCICCC) 1 80 384 888 3168 1256 7456 11232 1173 11120 22496 18936 67680 742 10960 27968 31536 112704 18912 112416 169344 316 7168 22176 31440 112320 25200 149760 225600 11736 111296 225152 189504 677376 87 3008 10976 18792 67104 18880 112160 168960 11734 111264 225088 189456 677184 4452 65760 167808 189216 676224 113472 674496 1016064
P(IC,ICCICIC) 1 96 480 1136 4064 1616 9712 14656 1494 14576 29632 24880 89280 922 14336 36928 41640 149440 24720 149008 224832 378 9280 29152 41496 148864 33000 198912 300128 15074 147328 299456 251296 902208 99 3824 14272 24664 88416 24672 148624 224256 15071 147280 299360 251224 901920 5552 86400 222528 250864 900480 148896 897888 1354752
P(IC,ICICCCC) 1 88 412 926 3344 1281 7808 11752 1181 11640 23480 19530 70560 743 11536 29260 32530 117520 19225 117200 176400 316 7616 23324 32500 117400 25630 156240 235160 11810 116400 234800 195300 705600 87 3232 11620 19482 70368 19220 117160 176340 11810 116400 234800 195300 705600 4458 69216 175560 195180 705120 115350 703200 1058400
P(IC,ICICCIC) 1 104 508 1174 4248 1641 10112 15244 1502 15216 30836 25592 92800 923 15072 38580 42906 155624 25112 155176 233920 378 9848 30620 42864 155456 33559 207432 312692 15170 154056 312188 258944 939520 99 4096 15064 25526 92536 25105 155120 233836 15170 154056 312188 258944 939520 5560 90928 232744 258776 938848 151400 936160 1411200
P(IC,ICICICC) 1 120 588 1342 4896 1833 11560 17448 1631 17232 35028 28866 105480 974 16928 43548 48136 175896 27741 175200 264420 389 11008 34452 47958 175200 36971 233472 352368 16355 172920 351480 289590 1058400 100 4584 16980 28596 104424 27666 174648 263592 16346 172800 351240 289404 1057680 5847 101640 261468 289002 1056096 166545 1051920 1587600
P(CCC,CCCCCC) 1 28 126 294 1008 441 2352 3528 455 3528 7056 6174 21168 329 3528 8820 10290 35280 6615 35280 52920 165 2352 7056 10290 35280 8820 47040 70560 4550 35280 70560 61740 211680 55 1008 3528 6174 21168 6615 35280 52920 4550 35280 70560 61740 211680 1974 21168 52920 61740 211680 39690 211680 317520
P(CCC,CCCCIC) 1 32 152 368 1264 562 3024 4544 580 4592 9232 8068 27744 413 4592 11600 13560 46640 8654 46640 70080 201 3024 9232 13560 46640 11576 62400 93760 5884 46640 93760 81904 281760 64 1264 4544 8068 27744 8654 46640 70080 5884 46640 93760 81904 281760 2494 27744 70080 81904 281760 52260 281760 423360
P(CCC,CCCICC) 1 36 174 420 1452 631 3456 5202 636 5196 10494 9126 31572 441 5136 13080 15244 52740 9612 52680 79290 209 3348 10344 15176 52500 12809 70200 105660 6395 52260 105540 91770 317520 65 1392 5082 9024 31212 9570 52440 78930 6388 52200 105420 91668 317160 2649 30852 78570 91566 316800 57735 316440 476280
P(CCC,CCICCC) 1 40 192 454 1584 666 3728 5616 657 5560 11248 9702 33840 448 5480 13984 16156 56352 10044 56208 84672 210 3584 11088 16100 56160 13380 74880 112800 6576 55648 112576 97104 338688 65 1504 5488 9618 33552 10020 56080 84480 6574 55632 112544 97076 338592 2688 32880 83904 96936 338112 60264 337248 508032
P(CCC,CCICIC) 1 48 240 580 2032 856 4856 7328 838 7288 14816 12744 44640 560 7168 18464 21330 74720 13136 74504 112416 254 4640 14576 21246 74432 17534 99456 150064 8472 73664 149728 128776 451104 75 1912 7136 12618 44208 13100 74312 112128 8469 73640 149680 128734 450960 3376 43200 111264 128524 450240 79152 448944 677376
P(CCC,CICCCC) 1 44 206 474 1672 681 3904 5876 663 5820 11740 10010 35280 449 5768 14630 16670 58760 10225 58600 88200 210 3808 11662 16650 58700 13630 78120 117580 6630 58200 117400 100100 352800 65 1616 5810 9978 35184 10220 58580 88170 6630 58200 117400 100100 352800 2694 34608 87780 100020 352560 61350 351600 529200
P(CCC,CICCIC) 1 52 254 600 2124 871 5056 7622 844 7608 15418 13112 46400 561 7536 19290 21984 77812 13362 77588 116960 254 4924 15310 21956 77728 17859 103716 156346 8542 77028 156094 132728 469760 75 2048 7532 13068 46268 13355 77560 116918 8542 77028 156094 132728 469760 3384 45464 116372 132616 469424 80600 468080 705600
P(CCC,CICICC) 1 60 294 686 2448 975 5780 8724 921 8616 17514 14796 52740 596 8464 21774 24670 87948 14787 87600 132210 263 5504 17226 24566 87600 19703 116736 176184 9245 86460 175740 148470 529200 76 2292 8490 14638 52212 14736 87324 131796 9238 86400 175620 148368 528840 3579 50820 130734 148122 528048 88785 525960 793800
P(CCC,ICCCCC) 1 48 216 484 1728 686 4032 6048 664 6048 12096 10164 36288 449 6048 15120 16940 60480 10290 60480 90720 210 4032 12096 16940 60480 13720 80640 120960 6640 60480 120960 101640 362880 65 1728 6048 10164 36288 10290 60480 90720 6640 60480 120960 101640 362880 2694 36288 90720 101640 362880 61740 362880 544320
P(CCC,ICCCIC) 1 56 264 610 2184 876 5208 7824 845 7896 15864 13300 47664 561 7896 19920 22330 80040 13444 80040 120240 254 5208 15864 22330 80040 17976 107040 160800 8555 80040 160800 134764 483120 75 2184 7824 13300 47664 13444 80040 120240 8555 80040 160800 134764 483120 3384 47664 120240 134764 483120 81120 483120 725760
P(CCC,ICCICC) 1 64 304 696 2512 980 5952 8952 922 8944 18024 15012 54192 596 8864 22480 25064 90480 14882 90400 135960 263 5808 17824 24976 90160 19834 120480 181200 9260 89840 181040 150780 544320 76 2432 8792 14880 53712 14830 90080 135480 9252 89760 180880 150648 543840 3579 53232 135000 150516 543360 89370 542880 816480
P(CCC,ICICCC) 1 72 336 750 2736 1030 6416 9648 949 9592 19312 15918 58032 604 9512 24064 26516 96672 15504 96528 145152 264 6272 19152 26460 96480 20660 128640 193440 9496 95968 193216 159264 580608 76 2656 9520 15834 57744 15480 96400 144960 9494 95952 193184 159236 580512 3624 57072 144384 159096 580032 93024 579168 870912
P(CCC,ICICIC) 1 88 424 962 3528 1324 8384 12624 1207 12608 25480 20916 76656 751 12488 31824 35000 128280 20236 128064 192816 317 8168 25240 34916 127992 27014 170976 257424 12183 127224 257088 211036 773424 87 3408 12432 20790 76224 20200 127872 192528 12180 127200 257040 210994 773280 4524 75216 191664 210784 772560 121872 771264 1161216
P(CIC,CICCCC) 1 55 263 610 2171 876 5125 7718 845 7680 15525 13155 46690 561 7610 19390 22000 78055 13350 77845 117250 254 4997 15421 21975 77975 17830 103930 156540 8531 77310 156300 132540 470050 75 2098 7630 13115 46562 13345 77820 117210 8531 77310 156300 132540 470050 3382 45794 116690 132440 469730 80400 468450 705600
P(CIC,CICCIC) 1 65 324 772 2756 1121 6636 10008 1076 10041 20388 17232 61400 700 9944 25568 29015 103364 17445 103070 155480 306 6460 20244 28980 103252 23359 137985 208152 10982 102321 207816 175740 625880 86 2657 9888 17177 61224 17438 103035 155424 10982 102321 207816 175740 625880 4238 60152 154696 175600 625432 105600 623640 940800
P(CIC,CICICC) 1 75 375 883 3177 1255 7588 11457 1173 11372 23161 19446 69795 742 11167 28859 32559 116828 19298 116372 175755 316 7220 22776 32425 116363 25762 155307 234562 11872 114848 233971 196574 705075 87 2974 11146 19243 69091 19237 116009 175203 11864 114770 233812 196441 704595 4473 67235 173787 196128 703539 116280 700755 1058400
P(CIC,ICCCCC) 1 60 276 623 2244 882 5292 7944 846 7980 15996 13358 48024 561 7980 20040 22355 80340 13430 80340 120600 254 5292 15996 22355 80340 17940 107280 161040 8541 80340 161040 134570 483480 75 2244 7944 13358 48024 13430 80340 120600 8541 80340 161040 134570 483480 3382 48024 120600 134570 483480 80880 483480 725760
P(CIC,ICCCIC) 1 70 337 785 2834 1127 6834 10273 1077 10420 20978 17480 63072 700 10420 26404 29470 106324 17546 106324 159840 306 6834 20978 29470 106324 23502 142404 214082 10995 106324 214082 178424 643680 86 2834 10273 17480 63072 17546 106324 159840 10995 106324 214082 178424 643680 4238 63072 159840 178424 643680 106240 643680 967680
P(CIC,ICCICC) 1 80 388 896 3260 1261 7812 11756 1174 11804 23836 19731 71716 742 11696 29796 33077 120192 19415 120088 180740 316 7620 23568 32962 119764 25922 160284 241240 11887 119340 241028 199619 725220 87 3156 11544 19559 71076 19351 119664 180100 11878 119236 240816 199447 724580 4473 70436 179460 199275 723940 117000 723300 1088640
P(CIC,ICICCC) 1 90 429 966 3552 1325 8422 12672 1207 12658 25539 20922 76800 751 12550 31894 34992 128416 20218 128228 192960 317 8230 25325 34920 128160 26990 171140 257536 12178 127480 257238 210840 773568 87 3448 12502 20814 76416 20190 128060 192704 12176 127460 257196 210804 773440 4524 75520 191936 210624 772800 121728 771648 1161216
P(CIC,ICICIC) 1 110 541 1239 4578 1704 11004 16577 1535 16640 33695 27492 101440 932 16478 42181 46190 170404 26385 170122 256320 379 10716 33374 46082 170020 35283 227466 342722 15607 169000 342275 279372 1030464 99 4422 16322 27330 100864 26343 169870 255936 15604 168970 342212 279318 1030272 5632 99520 254784 279048 1029312 159424 1027584 1548288
P(ICC,ICCCCC) 1 72 324 714 2592 987 6048 9072 923 9072 18144 14994 54432 596 9072 22680 24990 90720 14805 90720 136080 263 6048 18144 24990 90720 19740 120960 181440 9230 90720 181440 149940 544320 76 2592 9072 14994 54432 14805 90720 136080 9230 90720 181440 149940 544320 3576 54432 136080 149940 544320 88830 544320 816480
P(ICC,ICCCIC) 1 84 396 901 3276 1262 7812 11736 1174 11844 23796 19626 71496 742 11844 29880 32945 120060 19338 120060 180360 316 7812 23796 32945 120060 25852 160560 241200 11869 120060 241200 198798 724680 87 3276 11736 19626 71496 19338 120060 180360 11869 120060 241200 198798 724680 4472 71496 180360 198798 724680 116640 724680 1088640
P(ICC,ICCICC) 1 96 456 1028 3768 1410 8928 13428 1277 13416 27036 22146 81288 785 13296 33720 36972 135720 21381 135600 203940 326 8712 26736 36848 135240 28497 180720 271800 12815 134760 271560 222390 816480 88 3648 13188 21960 80568 21315 135120 203220 12806 134640 271320 222204 815760 4713 79848 202500 222018 815040 128385 814320 1224720
P(ICC,ICICCC) 1 108 504 1107 4104 1479 9624 14472 1311 14388 28968 23475 87048 794 14268 36096 39106 145008 22248 144792 217728 327 9408 28728 39030 144720 29650 192960 290160 13116 143952 289824 234864 870912 88 3984 14280 23361 86616 22220 144600 217440 13114 143928 289776 234826 870768 4764 85608 216576 234636 870048 133488 868752 1306368
P(ICC,ICICIC) 1 132 636 1421 5292 1902 12576 18936 1665 18912 38220 30850 114984 983 18732 47736 51620 192420 29022 192096 289224 390 12252 37860 51506 191988 38743 256464 386136 16787 190836 385632 311190 1160136 100 5112 18648 30679 114336 28980 191808 288792 16784 190800 385560 311133 1159920 5918 112824 287496 310848 1158840 174744 1156896 1741824
P(CCCC,CCCCC) 1 30 135 310 1080 455 2520 3780 461 3780 7560 6510 22680 330 3780 9450 10850 37800 6825 37800 56700 165 2520 7560 10850 37800 9100 50400 75600 4610 37800 75600 65100 226800 55 1080 3780 6510 22680 6825 37800 56700 4610 37800 75600 65100 226800 1980 22680 56700 65100 226800 40950 226800 340200
P(CCCC,CCCIC) 1 35 165 390 1365 580 3255 4890 587 4935 9915 8515 29790 414 4935 12450 14300 50025 8920 50025 75150 201 3255 9915 14300 50025 11930 66900 100500 5954 50025 100500 86320 301950 64 1365 4890 8515 29790 8920 50025 75150 5954 50025 100500 86320 301950 2500 29790 75150 86320 301950 53850 301950 453600
P(CCCC,CCICC) 1 40 190 445 1570 650 3720 5595 643 5590 11265 9615 33870 442 5540 14050 16055 56550 9890 56500 84975 209 3630 11140 15995 56350 13180 75300 113250 6465 56150 113150 96600 340200 65 1520 5495 9525 33570 9850 56300 84675 6458 56100 113050 96510 339900 2655 33270 84375 96420 339600 59400 339300 510300
P(CCCC,CICCC) 1 45 210 480 1710 685 4010 6030 664 5995 12070 10200 36270 449 5945 15040 16990 60420 10320 60330 90720 210 3920 11970 16950 60300 13750 80400 120900 6646 59980 120760 102060 362880 65 1660 5950 10140 36090 10300 60250 90600 6644 59970 120740 102040 362820 2694 35670 90240 101940 362520 61920 361980 544320
P(CCCC,CICIC) 1 55 265 615 2205 880 5240 7890 846 7880 15925 13400 47910 561 7805 19890 22425 80175 13480 80040 120510 254 5105 15775 22365 79995 17995 106860 160890 8552 79515 160680 135250 483390 75 2130 7770 13310 47640 13450 79920 120330 8549 79500 160650 135220 483300 3382 47010 119790 135070 482850 81210 482040 725760
P(CCCC,ICCCC) 1 50 225 500 1800 700 4200 6300 670 6300 12600 10500 37800 450 6300 15750 17500 63000 10500 63000 94500 210 4200 12600 17500 63000 14000 84000 126000 6700 63000 126000 105000 378000 65 1800 6300 10500 37800 10500 63000 94500 6700 63000 126000 105000 378000 2700 37800 94500 105000 378000 63000 378000 567000
P(CCCC,ICCIC) 1 60 280 635 2300 895 5460 8200 852 8260 16580 13760 49800 562 8260 20800 23075 83500 13705 83500 125400 254 5460 16580 23075 83500 18320 111600 167600 8622 83500 167600 139130 503400 75 2300 8200 13760 49800 13705 83500 125400 8622 83500 167600 139130 503400 3390 49800 125400 139130 503400 82650 503400 756000
P(CCCC,ICICC) 1 70 325 725 2650 1000 6240 9375 929 9370 18825 15495 56550 597 9320 23500 25855 94350 15140 94300 141675 263 6150 18700 25795 94150 20180 125700 188850 9325 93950 188750 155400 567000 76 2600 9275 15405 56250 15100 94100 141375 9318 93900 188650 155310 566700 3585 55950 141075 155220 566400 90900 566100 850500
P(CCIC,CCICC) 1 48 236 564 2004 831 4836 7280 819 7332 14824 12597 44620 553 7264 18556 21169 74952 12916 74888 112760 253 4716 14656 21090 74684 17259 100044 150640 8332 74420 150508 128009 453060 75 1940 7148 12479 44220 12866 74624 112360 8324 74356 150376 127891 452660 3339 43820 111960 127773 452260 77985 451860 680400
P(CCIC,CICCC) 1 54 261 609 2184 876 5214 7848 845 7862 15883 13365 47784 561 7794 19862 22402 80080 13474 79964 120384 254 5094 15749 22350 79920 18000 106820 160816 8558 79496 160630 135240 483264 75 2120 7742 13287 47544 13450 79860 120224 8556 79484 160604 135214 483184 3384 46984 119744 135084 482784 81264 482064 725760
P(CCIC,CICIC) 1 66 329 780 2814 1126 6812 10265 1077 10336 20955 17558 63112 700 10234 26269 29570 106264 17599 106090 159912 306 6632 20754 29492 106024 23554 141978 214010 11003 105388 213731 179218 643752 86 2718 10106 17441 62752 17563 105934 159672 11000 105370 213692 179179 643632 4238 61912 158952 178984 643032 106552 641952 967680
P(CCIC,ICCCC) 1 60 280 635 2300 895 5460 8200 852 8260 16580 13760 49800 562 8260 20800 23075 83500 13705 83500 125400 254 5460 16580 23075 83500 18320 111600 167600 8622 83500 167600 139130 503400 75 2300 8200 13760 49800 13705 83500 125400 8622 83500 167600 139130 503400 3390 49800 125400 139130 503400 82650 503400 756000
P(CCIC,ICCIC) 1 72 348 806 2936 1145 7096 10668 1084 10832 21816 18032 65600 701 10832 27472 30428 110672 17888 110672 166400 306 7096 21816 30428 110672 23970 148272 222936 11086 110672 222936 184352 670400 86 2936 10668 18032 65600 17888 110672 166400 11086 110672 222936 184352 670400 4246 65600 166400 184352 670400 108400 670400 1008000
P(CCIC,ICICC) 1 84 404 921 3384 1280 8112 12200 1181 12288 24772 20309 74500 743 12220 31036 34094 125052 19755 124988 188000 316 7992 24604 34015 124784 26395 167004 251200 11976 124520 251068 205903 755100 87 3320 12068 20191 74100 19705 124724 187600 11968 124456 250936 205785 754700 4481 73700 187200 205667 754300 119175 753900 1134000
P(CICC,CICCC) 1 63 303 696 2517 980 5959 8973 922 8917 18033 15054 54261 596 8793 22440 25106 90486 14894 90304 136008 263 5738 17763 24990 90114 19840 120316 181206 9261 89442 180900 151074 544320 76 2397 8757 14880 53703 14830 90000 135540 9252 89382 180774 150956 543942 3579 52785 134712 150726 543204 89424 542106 816480
P(CICC,CICIC) 1 77 382 892 3244 1260 7787 11739 1174 11723 23793 19779 71673 742 11544 29677 33139 120072 19447 119809 180669 316 7470 23407 32976 119545 25953 159915 241143 11893 118571 240701 200193 725085 87 3074 11432 19535 70884 19361 119387 180015 11882 118491 240529 200033 724566 4473 69555 178821 199705 723507 117207 721908 1088640
P(CICC,ICCCC) 1 70 325 725 2650 1000 6240 9375 929 9370 18825 15495 56550 597 9320 23500 25855 94350 15140 94300 141675 263 6150 18700 25795 94150 20180 125700 188850 9325 93950 188750 155400 567000 76 2600 9275 15405 56250 15100 94100 141375 9318 93900 188650 155310 566700 3585 55950 141075 155220 566400 90900 566100 850500
P(CICC,ICCIC) 1 84 404 921 3384 1280 8112 12200 1181 12288 24772 20309 74500 743 12220 31036 34094 125052 19755 124988 188000 316 7992 24604 34015 124784 26395 167004 251200 11976 124520 251068 205903 755100 87 3320 12068 20191 74100 19705 124724 187600 11968 124456 250936 205785 754700 4481 73700 187200 205667 754300 119175 753900 1134000
P(CICC,ICICC) 1 98 469 1052 3900 1429 9272 13950 1284 13938 28126 22866 84600 786 13786 35063 38196 141300 21799 141152 212400 326 9002 27750 38024 140700 29048 188104 283050 12920 140100 282750 229950 850500 88 3754 13651 22608 83700 21695 140560 211500 12904 139956 282452 229692 849600 4722 82800 210600 229434 848700 130950 847800 1275750
P(ICCC,ICCCC) 1 80 360 780 2880 1050 6720 10080 956 10080 20160 16380 60480 605 10080 25200 27300 100800 15750 100800 151200 264 6720 20160 27300 100800 21000 134400 201600 9560 100800 201600 163800 604800 76 2880 10080 16380 60480 15750 100800 151200 9560 100800 201600 163800 604800 3630 60480 151200 163800 604800 94500 604800 907200
P(ICCC,ICCIC) 1 96 448 992 3680 1344 8736 13120 1214 13216 26528 21472 79680 752 13216 33280 36000 133600 20544 133600 200640 317 8736 26528 36000 133600 27456 178560 268160 12266 133600 268160 217024 805440 87 3680 13120 21472 79680 20544 133600 200640 12266 133600 268160 217024 805440 4532 79680 200640 217024 805440 123840 805440 1209600
P(ICCC,ICICC) 1 112 520 1132 4240 1498 9984 15000 1318 14992 30120 24168 90480 795 14912 37600 40324 150960 22652 150880 226680 327 9840 29920 40236 150640 30194 201120 302160 13220 150320 302000 242340 907200 88 4160 14840 24036 90000 22600 150560 226200 13212 150240 301840 242208 906720 4773 89520 225720 242076 906240 135990 905760 1360800
P(ICIC,ICICC) 1 140 664 1459 5504 1927 13104 19700 1673 19784 39832 31769 119740 984 19676 49836 53212 200532 29509 200428 301340 390 12912 39564 53097 200104 39398 267564 402280 16901 199680 402068 320773 1208700 100 5400 19488 31597 119100 29445 200004 300700 16892 199576 401856 320601 1208060 5927 118460 300060 320429 1207420 177720 1206780 1814400
P(CCCCC,CCIC) 1 36 168 393 1380 581 3276 4920 587 4956 9948 8528 29880 414 4956 12480 14305 50100 8915 50100 75240 201 3276 9948 14305 50100 11920 66960 100560 5951 50100 100560 86270 302040 64 1380 4920 8528 29880 8915 50100 75240 5951 50100 100560 86270 302040 2500 29880 75240 86270 302040 53790 302040 453600
P(CCCCC,CICC) 1 42 195 449 1590 651 3744 5625 643 5622 11295 9609 33930 442 5592 14100 16035 56610 9870 56580 85005 209 3690 11220 15995 56490 13155 75420 113310 6460 56370 113250 96390 340200 65 1560 5565 9549 33750 9840 56460 84825 6454 56340 113190 96330 340020 2655 33570 84645 96270 339840 59265 339660 510300
P(CCCCC,ICCC) 1 48 216 484 1728 686 4032 6048 664 6048 12096 10164 36288 449 6048 15120 16940 60480 10290 60480 90720 210 4032 12096 16940 60480 13720 80640 120960 6640 60480 120960 101640 362880 65 1728 6048 10164 36288 10290 60480 90720 6640 60480 120960 101640 362880 2694 36288 90720 101640 362880 61740 362880 544320
P(CCCCC,ICIC) 1 60 276 623 2244 882 5292 7944 846 7980 15996 13358 48024 561 7980 20040 22355 80340 13430 80340 120600 254 5292 15996 22355 80340 17940 107280 161040 8541 80340 161040 134570 483480 75 2244 7944 13358 48024 13430 80340 120600 8541 80340 161040 134570 483480 3382 48024 120600 134570 483480 80880 483480 725760
P(CCCIC,CCIC) 1 42 205 494 1742 741 4230 6361 748 6472 13046 11154 39240 519 6472 16444 18855 66304 11652 66304 99720 244 4230 13046 18855 66304 15626 88884 133682 7681 66304 133682 114390 402120 74 1742 6361 11154 39240 11652 66304 99720 7681 66304 133682 114390 402120 3150 39240 99720 114390 402120 70720 402120 604800
P(CCCIC,CICC) 1 49 238 565 2008 831 4836 7275 819 7342 14814 12571 44565 553 7301 18577 21136 74919 12898 74881 112665 253 4764 14713 21083 74758 17241 100113 150630 8330 74600 150551 127806 452925 75 1970 7196 12492 44325 12860 74723 112425 8323 74562 150472 127727 452685 3339 44085 112185 127648 452445 77895 452205 680400
P(CCCIC,ICCC) 1 56 264 610 2184 876 5208 7824 845 7896 15864 13300 47664 561 7896 19920 22330 80040 13444 80040 120240 254 5208 15864 22330 80040 17976 107040 160800 8555 80040 160800 134764 483120 75 2184 7824 13300 47664 13444 80040 120240 8555 80040 160800 134764 483120 3384 47664 120240 134764 483120 81120 483120 725760
P(CCCIC,ICIC) 1 70 337 785 2834 1127 6834 10273 1077 10420 20978 17480 63072 700 10420 26404 29470 106324 17546 106324 159840 306 6834 20978 29470 106324 23502 142404 214082 10995 106324 214082 178424 643680 86 2834 10273 17480 63072 17546 106324 159840 10995 106324 214082 178424 643680 4238 63072 159840 178424 643680 106240 643680 967680
P(CCICC,CICC) 1 56 274 645 2310 931 5528 8325 895 8316 16831 14193 50670 588 8194 20963 23727 84690 14287 84572 127395 262 5312 16530 23583 84210 19034 112684 169740 9025 83730 169500 143010 510300 76 2194 8086 13977 49950 14195 84100 126675 9010 83616 169262 142794 509580 3534 49230 125955 142578 508860 85860 508140 765450
P(CCICC,ICCC) 1 64 304 696 2512 980 5952 8952 922 8944 18024 15012 54192 596 8864 22480 25064 90480 14882 90400 135960 263 5808 17824 24976 90160 19834 120480 181200 9260 89840 181040 150780 544320 76 2432 8792 14880 53712 14830 90080 135480 9252 89760 180880 150648 543840 3579 53232 135000 150516 543360 89370 542880 816480
P(CCICC,ICIC) 1 80 388 896 3260 1261 7812 11756 1174 11804 23836 19731 71716 742 11696 29796 33077 120192 19415 120088 180740 316 7620 23568 32962 119764 25922 160284 241240 11887 119340 241028 199619 725220 87 3156 11544 19559 71076 19351 119664 180100 11878 119236 240816 199447 724580 4473 70436 179460 199275 723940 117000 723300 1088640
P(CICCC,ICCC) 1 72 336 750 2736 1030 6416 9648 949 9592 19312 15918 58032 604 9512 24064 26516 96672 15504 96528 145152 264 6272 19152 26460 96480 20660 128640 193440 9496 95968 193216 159264 580608 76 2656 9520 15834 57744 15480 96400 144960 9494 95952 193184 159236 580512 3624 57072 144384 159096 580032 93024 579168 870912
P(CICCC,ICIC) 1 90 429 966 3552 1325 8422 12672 1207 12658 25539 20922 76800 751 12550 31894 34992 128416 20218 128228 192960 317 8230 25325 34920 128160 26990 171140 257536 12178 127480 257238 210840 773568 87 3448 12502 20814 76416 20190 128060 192704 12176 127460 257196 210804 773440 4524 75520 191936 210624 772800 121728 771648 1161216
P(CICIC,ICCC) 1 88 424 962 3528 1324 8384 12624 1207 12608 25480 20916 76656 751 12488 31824 35000 128280 20236 128064 192816 317 8168 25240 34916 127992 27014 170976 257424 12183 127224 257088 211036 773424 87 3408 12432 20790 76224 20200 127872 192528 12180 127200 257040 210994 773280 4524 75216 191664 210784 772560 121872 771264 1161216
P(CICIC,ICIC) 1 110 541 1239 4578 1704 11004 16577 1535 16640 33695 27492 101440 932 16478 42181 46190 170404 26385 170122 256320 379 10716 33374 46082 170020 35283 227466 342722 15607 169000 342275 279372 1030464 99 4422 16322 27330 100864 26343 169870 255936 15604 168970 342212 279318 1030272 5632 99520 254784 279048 1029312 159424 1027584 1548288
P(ICCCC,ICIC) 1 100 460 1005 3740 1350 8820 13240 1215 13300 26660 21530 80040 752 13300 33400 36025 133900 20530 133900 201000 317 8820 26660 36025 133900 27420 178800 268400 12252 133900 268400 216830 805800 87 3740 13240 21530 80040 20530 133900 201000 12252 133900 268400 216830 805800 4530 80040 201000 216830 805800 123600 805800 1209600
P(ICCIC,ICIC) 1 120 572 1278 4776 1729 11464 17228 1543 17440 35080 28224 105440 933 17440 44112 47508 177472 26776 177472 266720 379 11464 35080 47508 177472 35842 237552 357016 15703 177472 357016 287280 1073120 99 4776 17228 28224 105440 26776 177472 266720 15703 177472 357016 287280 1073120 5640 105440 266720 287280 1073120 161920 1073120 1612800
P(CCCCCC,CIC) 1 35 161 378 1309 567 3087 4634 581 4655 9331 8113 28014 413 4655 11690 13580 46865 8645 46865 70350 201 3087 9331 13580 46865 11550 62580 93940 5873 46865 93940 81760 282030 64 1309 4634 8113 28014 8645 46865 70350 5873 46865 93940 81760 282030 2492 28014 70350 81760 282030 52080 282030 423360
P(CCCCCC,ICC) 1 42 189 434 1512 637 3528 5292 637 5292 10584 9114 31752 441 5292 13230 15190 52920 9555 52920 79380 209 3528 10584 15190 52920 12740 70560 105840 6370 52920 105840 91140 317520 65 1512 5292 9114 31752 9555 52920 79380 6370 52920 105840 91140 317520 2646 31752 79380 91140 317520 57330 317520 476280
P(CCCCIC,CIC) 1 40 194 473 1640 723 3968 5966 741 6060 12208 10602 36712 518 6060 15376 17897 61956 11310 61956 93160 244 3968 12208 17897 61956 15158 83016 124828 7590 61956 124828 108462 375400 74 1640 5966 10602 36712 11310 61956 93160 7590 61956 124828 108462 375400 3142 36712 93160 108462 375400 68560 375400 564480
P(CCCCIC,ICC) 1 48 228 544 1896 813 4536 6816 812 6888 13848 11914 41616 552 6888 17400 20020 69960 12499 69960 105120 253 4536 13848 20020 69960 16716 93600 140640 8225 69960 140640 120904 422640 75 1896 6816 11914 41616 12499 69960 105120 8225 69960 140640 120904 422640 3330 41616 105120 120904 422640 75450 422640 635040
P(CCCICC,CIC) 1 45 222 540 1884 812 4536 6831 812 6858 13878 11993 41781 552 6777 17337 20119 70059 12558 69981 105405 253 4392 13677 20030 69738 16768 93393 140670 8241 69420 140511 121522 423045 75 1806 6672 11860 41301 12506 69663 104925 8233 69342 140352 121389 422565 3331 40821 104445 121256 422085 75720 421605 635040
P(CCCICC,ICC) 1 54 261 621 2178 912 5184 7803 888 7794 15741 13473 47358 587 7704 19620 22503 79110 13869 79020 118935 262 5022 15516 22407 78750 18483 105300 158490 8920 78390 158310 135450 476280 76 2088 7623 13329 46818 13815 78660 118395 8912 78300 158130 135306 475740 3525 46278 117855 135162 475200 83295 474660 714420
P(CCICCC,CIC) 1 50 245 584 2056 857 4894 7376 838 7338 14875 12750 44784 560 7230 18534 21322 74856 13118 74668 112560 254 4702 14661 21250 74600 17510 99620 150176 8467 73920 149878 128580 451248 75 1952 7206 12642 44400 13090 74500 112304 8465 73900 149836 128544 451120 3376 43504 111536 128364 450480 79008 449328 677376
P(CCICCC,ICC) 1 60 288 671 2376 961 5592 8424 915 8340 16872 14319 50760 595 8220 20976 23846 84528 14478 84312 127008 263 5376 16632 23770 84240 19290 112320 169200 9156 83472 168864 143304 508032 76 2256 8232 14205 50328 14450 84120 126720 9154 83448 168816 143266 507888 3570 49320 125856 143076 507168 86868 505872 762048
P(CCICIC,CIC) 1 60 306 746 2636 1102 6374 9622 1069 9620 19593 16748 59072 699 9458 24473 28152 99256 17155 98974 149440 306 6086 19272 28044 98872 22943 132318 199788 10899 97852 199341 170516 601024 86 2480 9367 16586 58496 17113 98722 149056 10896 97822 199278 170462 600832 4230 57152 147904 170192 599872 103744 598144 903168
P(CCICIC,ICC) 1 72 360 858 3048 1236 7284 10992 1166 10932 22224 18812 66960 741 10752 27696 31485 112080 18928 111756 168624 316 6960 21864 31371 111648 25267 149184 225096 11773 110496 224592 190036 676656 87 2868 10704 18641 66312 18886 111468 168192 11770 110460 224520 189979 676440 4464 64800 166896 189694 675360 114024 673416 1016064
P(CICCCC,ICC) 1 66 309 700 2508 981 5856 8814 922 8730 17610 14770 52920 596 8652 21945 24600 88140 14725 87900 132300 263 5712 17493 24575 88050 19630 117180 176370 9220 87300 176100 147700 529200 76 2424 8715 14730 52776 14720 87870 132255 9220 87300 176100 147700 529200 3576 51912 131670 147600 528840 88350 527400 793800
P(CICCIC,ICC) 1 78 381 887 3186 1256 7584 11433 1173 11412 23127 19352 69600 742 11304 28935 32445 116718 19237 116382 175440 316 7386 22965 32410 116592 25709 155574 234519 11856 115542 234141 195836 704640 87 3072 11298 19297 69402 19230 116340 175377 11856 115542 234141 195836 704640 4472 68196 174558 195696 704136 116000 702120 1058400
P(CICICC,ICC) 1 90 441 1014 3672 1404 8670 13086 1276 12924 26271 21831 79110 785 12696 32661 36403 131922 21264 131400 198315 326 8256 25839 36262 131400 28337 175104 264276 12800 129690 263610 219030 793800 88 3438 12735 21617 78318 21201 130986 197694 12792 129600 263430 218886 793260 4713 76230 196101 218562 792072 127665 788940 1190700
P(CCCCCCC,IC) 1 32 144 344 1152 532 2688 4032 560 4032 8064 7224 24192 406 4032 10080 12040 40320 7980 40320 60480 200 2688 8064 12040 40320 10640 53760 80640 5600 40320 80640 72240 241920 64 1152 4032 7224 24192 7980 40320 60480 5600 40320 80640 72240 241920 2436 24192 60480 72240 241920 47880 241920 362880
P(CCCCCIC,IC) 1 36 172 429 1436 678 3444 5176 715 5236 10532 9434 31656 510 5236 13240 15865 53260 10450 53260 80040 243 3444 10532 15865 53260 13980 71280 107120 7252 53260 107120 95870 321960 74 1436 5176 9434 31656 10450 53260 80040 7252 53260 107120 95870 321960 3078 31656 80040 95870 321960 63120 321960 483840
P(CCCCICC,IC) 1 40 196 490 1648 763 3936 5928 785 5920 11976 10686 36048 544 5840 14920 17854 60240 11627 60160 90600 252 3792 11776 17766 59920 15494 80160 120720 7890 59600 120560 107520 362880 75 1568 5768 10554 35568 11575 59840 90120 7882 59520 120400 107388 362400 3267 35088 89640 107256 361920 69840 361440 544320
P(CCCICCC,IC) 1 44 216 531 1800 807 4248 6408 811 6324 12840 11379 38664 552 6204 15936 18946 64368 12168 64152 96768 253 4032 12600 18870 64080 16210 85440 128880 8116 63312 128544 113904 387072 75 1680 6216 11265 38232 12140 63960 96480 8114 63288 128496 113866 386928 3312 37224 95616 113676 386208 73008 384912 580608
P(CCCICIC,IC) 1 52 268 677 2300 1038 5520 8344 1036 8272 16892 14946 50952 690 8092 21016 25020 85300 15934 84976 128424 305 5196 16532 24906 84868 21271 113424 171416 10470 83716 170912 151142 515496 86 2120 8056 14775 50304 15892 84688 127992 10467 83680 170840 151085 515280 4158 48792 126696 150800 514200 96024 512256 774144
P(CCICCCC,IC) 1 48 232 556 1904 826 4448 6712 818 6600 13400 11760 40320 553 6496 16660 19580 67120 12400 66800 100800 253 4256 13244 19550 67000 16530 89040 134360 8180 66000 134000 117600 403200 75 1792 6580 11712 40128 12395 66760 100740 8180 66000 134000 117600 403200 3318 38976 99960 117480 402720 74400 400800 604800
P(CCICCIC,IC) 1 56 284 702 2408 1057 5744 8684 1043 8608 17572 15400 52960 691 8464 21940 25826 88824 16224 88376 133600 305 5480 17356 25784 88656 21687 118152 178612 10553 87256 178108 156016 536800 86 2256 8504 15334 52696 16217 88320 133516 10553 87256 178108 156016 536800 4166 51088 132424 155848 536128 97880 533440 806400
P(CCICICC,IC) 1 64 328 804 2776 1186 6568 9948 1139 9736 19968 17406 60240 733 9472 24748 29018 100416 17987 99760 151080 315 6088 19492 28876 99880 23968 132912 201288 11430 97760 200480 174720 604800 87 2504 9560 17190 59424 17926 99368 150492 11422 97680 200320 174588 604320 4401 56880 148608 174240 602976 108000 599040 907200
P(CICCCCC,IC) 1 52 244 569 1972 832 4588 6912 819 6832 13804 11964 41472 553 6776 17220 19935 69100 12480 68820 103680 253 4480 13748 19930 69080 16640 91760 138240 8190 68320 138040 119640 414720 75 1904 6860 11955 41436 12480 68820 103680 8190 68320 138040 119640 414720 3318 40656 103320 119610 414600 74880 412920 622080
P(CICCCIC,IC) 1 60 296 715 2480 1063 5908 8916 1044 8900 18076 15649 54396 691 8824 22660 26281 91384 16325 91004 137340 305 5764 18000 26274 91356 21830 121736 183720 10566 90320 183448 158713 552060 86 2392 8848 15637 54348 16325 91004 137340 10566 90320 183448 158713 552060 4166 53288 136848 158672 551896 98520 549600 829440
P(CICCICC,IC) 1 68 340 817 2852 1192 6752 10208 1140 10068 20544 17692 61888 733 9872 25556 29536 103328 18104 102764 155360 315 6392 20188 29413 102868 24128 136948 207040 11445 101200 206500 177780 622080 87 2644 9916 17506 61192 18040 102340 154720 11436 101096 206288 177608 621440 4401 59292 153492 177387 620604 108720 617220 933120
P(CICICCC,IC) 1 76 376 883 3112 1255 7280 11016 1173 10772 22016 18795 66312 742 10544 27336 31296 110408 18888 109632 165888 316 6860 21668 31210 110080 25170 146080 221040 11736 107792 220304 188064 663552 87 2868 10728 18664 65812 18860 109440 165600 11734 107768 220256 188026 663408 4452 63264 164016 187776 662448 113328 657792 995328
P(CICICIC,IC) 1 92 472 1131 4000 1615 9492 14388 1494 14128 29016 24701 87516 922 13800 36112 41329 146436 24689 145340 220284 378 8892 28508 41201 145948 32961 194040 294096 15074 142696 293040 249385 883836 99 3656 13972 24507 86776 24647 145052 219852 15071 142660 292968 249328 883620 5552 83144 217560 248960 882208 148704 875616 1327104
